0 0.2843768115942029 0.44363402061855667 0.04642028985507247 0.12994845360824742
0 0.315231884057971 0.4106958762886598 0.022869565217391304 0.1125
0 0.3484057971014493 0.41095360824742266 0.03155072463768116 0.08974226804123711
0 0.32804347826086955 0.3637628865979381 0.03407246376811594 0.1756701030927835
0 0.36992753623188407 0.3525773195876289 0.048362318840579704 0.1805154639175258
0 0.30878260869565216 0.28904639175257735 0.042753623188405795 0.08605670103092784
0 0.35892753623188406 0.25492268041237115 0.034231884057971014 0.06448453608247423
0 0.12769565217391304 0.6112628865979381 0.07001449275362319 0.18020618556701032
0 0.18366666666666667 0.559020618556701 0.0493768115942029 0.12237113402061855
0 0.21133333333333332 0.5095876288659794 0.028594202898550726 0.08641752577319588
0 0.25284057971014495 0.564381443298969 0.03639130434782609 0.08873711340206185
0 0.20849275362318842 0.5818298969072165 0.03626086956521739 0.12365979381443298
0 0.2628260869565217 0.7318814432989691 0.09244927536231884 0.1522938144329897
0 0.2813623188405797 0.6288659793814433 0.06395652173913044 0.13378865979381444
0 0.3373478260869565 0.7316752577319587 0.07718840579710144 0.17152061855670103
0 0.044130434782608696 0.7537886597938145 0.08494202898550725 0.12280927835051546
0 0.21295652173913043 0.8734793814432991 0.11353623188405798 0.1359278350515464
0 0.2672173913043478 0.9247680412371134 0.06875362318840579 0.1504639175257732
0 0.3665797101449275 0.8536082474226804 0.09471014492753622 0.16664948453608247
0 0.4241014492753623 0.7297164948453608 0.060144927536231886 0.1438917525773196
0 0.2819855072463768 0.5180154639175258 0.05923188405797101 0.08742268041237114
0 0.3401884057971014 0.4487113402061855 0.035304347826086956 0.07646907216494846
0 0.34795652173913044 0.538659793814433 0.04997101449275362 0.11829896907216494
0 0.3982028985507246 0.5676288659793814 0.03656521739130435 0.10118556701030927
0 0.36769565217391303 0.6244072164948454 0.04473913043478261 0.12471649484536082
0 0.4023043478260869 0.47466494845360824 0.03798550724637681 0.10587628865979382
0 0.4429420289855072 0.42157216494845356 0.03855072463768116 0.08768041237113403
0 0.4729565217391304 0.4869845360824742 0.03794202898550725 0.1266237113402062
0 0.5062028985507246 0.4486340206185567 0.0333768115942029 0.11180412371134021
0 0.4891884057971015 0.8873711340206186 0.06826086956521739 0.19425257731958764
0 0.533768115942029 0.7368298969072165 0.09482608695652175 0.16791237113402063
0 0.4812028985507246 0.6981958762886598 0.0641304347826087 0.19190721649484535
0 0.46511594202898554 0.6066752577319587 0.04365217391304348 0.09971649484536083
0 0.5227536231884058 0.579639175257732 0.05528985507246376 0.09755154639175258
0 0.5928695652173913 0.6104896907216495 0.06705797101449276 0.18260309278350514
0 0.5388115942028985 0.521340206185567 0.043347826086956524 0.1165721649484536
0 0.5694347826086957 0.47190721649484535 0.027507246376811595 0.07420103092783505
0 0.6450869565217392 0.5681701030927835 0.050347826086956524 0.251159793814433
0 0.696376811594203 0.537319587628866 0.03907246376811594 0.11414948453608247
0 0.7384057971014493 0.6463659793814432 0.04272463768115942 0.12716494845360826
0 0.6668260869565218 0.6366494845360825 0.0646376811594203 0.14667525773195875
0 0.7772463768115941 0.7153350515463918 0.048985507246376805 0.16389175257731958
0 0.6402463768115941 0.8144587628865979 0.05963768115942029 0.15185567010309278
0 0.5745797101449275 0.8263659793814433 0.0611304347826087 0.13935567010309277
0 0.599927536231884 0.9361082474226804 0.07684057971014494 0.12778350515463918
0 0.7476666666666667 0.9484278350515464 0.06134782608695652 0.10311855670103093
0 0.758 0.8879381443298968 0.10828985507246376 0.14827319587628865
0 0.8427971014492753 0.5759536082474227 0.04676811594202899 0.16806701030927834
0 0.7733623188405797 0.5830670103092783 0.033913043478260865 0.09141752577319587
0 0.7992898550724638 0.5033247422680412 0.04053623188405797 0.0877061855670103
0 0.7465942028985507 0.47283505154639177 0.035855072463768116 0.11497422680412371
0 0.7972318840579711 0.42623711340206183 0.033492753623188404 0.08667525773195876
0 0.7482608695652173 0.39121134020618553 0.04795652173913044 0.05819587628865979
0 0.7840869565217391 0.38157216494845364 0.027130434782608695 0.05706185567010309
0 0.8230724637681159 0.4093556701030928 0.029710144927536233 0.0840721649484536
0 0.6601594202898551 0.3740463917525773 0.04691304347826086 0.08095360824742268
0 0.6498405797101449 0.42847938144329895 0.04526086956521739 0.09896907216494845
0 0.5357101449275362 0.35842783505154635 0.036898550724637685 0.08577319587628866
0 0.48589855072463767 0.3523969072164948 0.049217391304347824 0.10760309278350516