0 0.3719125 0.8978225024248302 0.1378875 0.19750727449078564
0 0.804928125 0.9236081474296799 0.10483437500000001 0.14881183317167798
0 0.079775 0.9236129970902037 0.15576874999999998 0.15276915615906886
0 0.846621875 0.7668477206595539 0.105025 0.16893792434529584
0 0.43651249999999997 0.7931571290009699 0.127265625 0.17828806983511153
0 0.70845625 0.7985354025218234 0.10879375 0.16045101842871
0 0.27438125 0.7812948593598448 0.11244375 0.16351115421920467
0 0.657734375 0.9344907856450049 0.13566875 0.1310184287099903
0 0.49481250000000004 0.9233705140640155 0.143565625 0.15325897187196896
0 0.20342500000000002 0.8488894277400583 0.14051249999999998 0.1691416100872939
0 0.08966875 0.8115179437439379 0.166525 0.12667313288069834
0 0.23224062499999998 0.9640494665373424 0.161990625 0.07190106692531523
0 0.19611562500000002 0.7311348205625606 0.106284375 0.09319592628516003
0 0.268075 0.6643355965082444 0.096565625 0.08487390882638216
0 0.597234375 0.7297041707080505 0.095634375 0.13173617846750726
0 0.34704375 0.7003152279340445 0.11295937500000001 0.1527400581959263
0 0.19455312500000002 0.3822502424830262 0.040175 0.03945683802133851
0 0.029390625 0.49554801163918527 0.058778125 0.057381183317167794
0 0.542234375 0.6723326867119301 0.09283749999999999 0.11127546071774976
0 0.5676187500000001 0.8066682832201746 0.11750937499999999 0.1559117361784675
0 0.72514375 0.686003879728419 0.08541874999999999 0.09641125121241513
0 0.047446875000000006 0.5529776915615907 0.09489062499999999 0.07183802133850631
0 0.08059687500000001 0.49040737148399616 0.072975 0.05312318137730359
0 0.86045 0.5112948593598448 0.06225 0.09384578079534432
0 0.8234718750000001 0.6952570320077595 0.08288437500000001 0.11292434529582929