0 0.81474375 0.7534333333333334 0.1791375 0.4931333333333333
0 0.16029375 0.7831777777777778 0.260525 0.4336444444444444
0 0.2321375 0.40276666666666666 0.086425 0.21531111111111112
0 0.803275 0.4199666666666667 0.06373125 0.22683333333333333
0 0.63489375 0.7455999999999999 0.17346875 0.5032888888888889
0 0.39263125000000004 0.6533888888888888 0.14844374999999999 0.6932222222222222
0 0.5527375 0.6005444444444444 0.09955625 0.4076777777777778
0 0.13024375 0.5682555555555555 0.1395625 0.3664
0 0.28960625 0.6144999999999999 0.1256125 0.4362
0 0.61261875 0.49689999999999995 0.0662375 0.21825555555555556
0 0.5268625 0.48562222222222223 0.0728125 0.2810111111111111
0 0.75951875 0.4701666666666666 0.09061875000000001 0.17811111111111114
0 0.65986875 0.4431111111111111 0.0531375 0.08571111111111111
0 0.65655625 0.3360666666666666 0.0647875 0.06971111111111111
0 0.616725 0.3560111111111111 0.058187499999999996 0.09336666666666667
0 0.85135 0.47007777777777776 0.0744125 0.14937777777777778
0 0.9489812499999999 0.5439666666666667 0.10203125 0.33613333333333334
0 0.0377 0.44737777777777776 0.0619375 0.14242222222222223
0 0.43420625 0.3139111111111111 0.049368749999999996 0.07086666666666666
0 0.50193125 0.3257333333333334 0.0332 0.042555555555555555
0 0.07508125 0.3684555555555556 0.03806875 0.05655555555555555
0 0.9541062499999999 0.8178555555555556 0.09178125 0.3643
0 0.48601875 0.43775555555555556 0.059824999999999996 0.13995555555555556
0 0.44089375 0.4373111111111111 0.0499625 0.1358111111111111
0 0.66683125 0.39016666666666666 0.039674999999999995 0.051277777777777776
0 0.89481875 0.3892888888888889 0.04626875 0.16642222222222222
0 0.93985625 0.2989555555555556 0.05414375 0.1189111111111111