0 0.055044642857142854 0.83385582010582 0.11008928571428571 0.2756349206349206
0 0.03706597222222222 0.7200033068783068 0.07413194444444444 0.14248015873015873
0 0.13783978174603173 0.8298941798941799 0.09140376984126984 0.24633597883597882
0 0.13982142857142857 0.6919642857142857 0.06617063492063492 0.12137896825396825
0 0.17732142857142857 0.7320965608465609 0.05609375 0.14679894179894182
0 0.26211309523809523 0.7110681216931217 0.07911458333333334 0.16270171957671958
0 0.21968998015873015 0.7031712962962963 0.040225694444444446 0.09556878306878307
0 0.31879712301587304 0.7777943121693123 0.11692956349206349 0.22094246031746032
0 0.3903720238095238 0.747718253968254 0.05140873015873016 0.13166997354497356
0 0.46181795634920636 0.720353835978836 0.05374503968253968 0.10343915343915344
0 0.42877728174603175 0.8580489417989418 0.16318948412698414 0.254619708994709
0 0.480577876984127 0.885241402116402 0.1699032738095238 0.22951719576719576
0 0.5522594246031746 0.7753207671957673 0.08868055555555555 0.16203703703703703
0 0.5078943452380952 0.7523280423280423 0.06748759920634921 0.10776455026455026
0 0.6350347222222222 0.7455026455026456 0.07724702380952381 0.09577050264550264
0 0.6015848214285715 0.8773743386243386 0.10474454365079365 0.24524801587301587
0 0.6580902777777778 0.8823445767195768 0.09600198412698412 0.23531415343915346
0 0.6439037698412698 0.8274834656084656 0.0649107142857143 0.12738756613756613
0 0.2168923611111111 0.6932903439153439 0.036106150793650794 0.07693452380952381
0 0.6393774801587301 0.75989417989418 0.0920188492063492 0.09884920634920635
0 0.7458556547619047 0.8681283068783068 0.10918650793650794 0.2637433862433862
0 0.8175421626984127 0.7724801587301587 0.07209077380952382 0.10239748677248676
0 0.9455704365079365 0.7908002645502645 0.06566220238095238 0.12447089947089947