0 0.18174 0.6401880035810206 0.10801000000000001 0.5961772605192479
0 0.878205 0.6577976723366159 0.12416500000000001 0.6615935541629364
0 0.312705 0.6572873769024172 0.112535 0.6854252461951656
0 0.05129 0.6524350940017904 0.098775 0.6025693822739481
0 0.973155 0.660572963294539 0.049895 0.5703581020590869
0 0.544725 0.6661862130707251 0.13942500000000002 0.6676365264100269
0 0.6708999999999999 0.6837779767233662 0.15096 0.6324529991047448
0 0.79572 0.6247896150402865 0.08289 0.6478155774395703
0 0.636605 0.3980483437779767 0.055064999999999996 0.22192479856759176
0 0.49073500000000003 0.413769024171889 0.03986 0.17644583706356312
0 0.527535 0.40871083258728735 0.02519 0.12017905102954343
0 0.26169 0.44777081468218444 0.04199 0.17909579230080575