0 0.3468921095008051 0.611135265700483 0.1001610305958132 0.7541787439613526
0 0.5732367149758454 0.3829227053140097 0.09352657004830918 0.2464009661835749
0 0.26159420289855073 0.6097342995169083 0.13101449275362317 0.7384299516908212
0 0.5303220611916264 0.6907729468599034 0.21136876006441221 0.6184541062801933
0 0.41668276972624796 0.32357487922705314 0.04268921095008052 0.1453623188405797
0 0.504927536231884 0.32876811594202904 0.06146537842190016 0.10400966183574879
0 0.45210950080515294 0.6007004830917875 0.09539452495974235 0.6237198067632851
0 0.39115942028985506 0.3203623188405797 0.027165861513687602 0.11132850241545894
0 0.4598228663446055 0.27471014492753626 0.04106280193236715 0.07236714975845411
0 0.5321900161030596 0.31777777777777777 0.0435426731078905 0.11420289855072464
0 0.4877777777777778 0.2925845410628019 0.019114331723027372 0.051787439613526574