0 0.918092857142857 0.8827974276527331 0.14519285714285715 0.12317256162915327
0 0.44787142857142853 0.9366130760986067 0.11072142857142857 0.1260021436227224
0 0.19070714285714285 0.8827545551982852 0.09275 0.11789924973204716
0 0.8994785714285715 0.9630975348338693 0.14093571428571428 0.06954983922829581
0 0.8456285714285715 0.8117684887459807 0.12585714285714286 0.14020364415862807
0 0.6985928571428571 0.9367738478027867 0.16375 0.1264523043944266
0 0.8700071428571429 0.28052518756698824 0.08897857142857142 0.054587352625937835
0 0.5659714285714286 0.8602143622722401 0.10048571428571429 0.11094319399785638
0 0.40137142857142855 0.8879421221864953 0.0938 0.11918542336548768
0 0.2940857142857143 0.929978563772776 0.1031 0.11392282958199358
0 0.5917928571428571 0.9338156484458735 0.08632142857142856 0.12951768488745982
0 0.6831357142857143 0.2729367631296892 0.06670714285714285 0.05177920685959271
0 0.7767071428571429 0.2832368703108253 0.10204285714285716 0.07812433011789925
0 0.5243 0.9742229367631298 0.10627142857142857 0.05156484458735262
0 0.22115714285714286 0.8258842443729904 0.08535714285714285 0.10264737406216505
0 0.07182857142857144 0.9482958199356913 0.09972857142857143 0.10340836012861737
0 0.7802571428571428 0.5886387995712755 0.04466428571428571 0.05393354769560557
0 0.3412071428571429 0.9654126473740622 0.14764285714285713 0.06917470525187568
0 0.9488928571428572 0.2923472668810289 0.10221428571428572 0.044876741693461945
0 0.8309642857142856 0.2554448017148982 0.06465714285714286 0.043858520900321545
0 0.04544285714285714 0.9043729903536977 0.09087857142857143 0.12679528403001072
0 0.3347928571428571 0.837502679528403 0.08680714285714286 0.09188638799571276
0 0.5085071428571428 0.8174169346195069 0.08935714285714286 0.10589496248660235
0 0.6649499999999999 0.8141157556270097 0.09842142857142856 0.11414790996784566
0 0.8106571428571429 0.9467095391211147 0.10583571428571428 0.10367631296891748
0 0.6213357142857143 0.2693033226152197 0.07129999999999999 0.04087888531618435
0 0.029928571428571426 0.8358199356913184 0.05986428571428572 0.12559485530546624
0 0.7213357142857143 0.8209967845659164 0.11210714285714285 0.08788853161843516
0 0.16665 0.7805466237942122 0.0849 0.09141479099678457
0 0.9817071428571429 0.610064308681672 0.03659285714285714 0.06542336548767416
0 0.5874428571428572 0.7480385852090031 0.11311428571428572 0.11224008574490889
0 0.4973142857142857 0.6867631296891747 0.08945714285714286 0.09515541264737407
0 0.6514785714285715 0.46819935691318326 0.03200714285714286 0.04152197213290461
0 0.5391214285714285 0.26215434083601286 0.07701428571428572 0.03540192926045016
0 0.7415714285714287 0.7685423365487674 0.09477857142857142 0.09580921757770633
0 0.10364285714285713 0.44478027867095393 0.03986428571428571 0.05233654876741693
0 0.20174999999999998 0.37852090032154345 0.036514285714285714 0.05647374062165059
0 0.9474857142857143 0.5429153269024651 0.06844285714285714 0.040943193997856384
0 0.3965214285714286 0.42311897106109325 0.052835714285714284 0.03354769560557342
0 0.2814428571428571 0.7535691318327975 0.07241428571428571 0.08026795284030011
0 0.62295 0.6910289389067524 0.09795714285714285 0.08532690246516612
0 0.3199857142857143 0.7832583065380493 0.08335 0.07690246516613077
0 0.09899999999999999 0.7079528403001072 0.06245714285714286 0.08672025723472668
0 0.19665714285714286 0.6929046087888532 0.06375714285714286 0.07189710610932476
0 0.7440357142857144 0.250021436227224 0.051399999999999994 0.044405144694533764
0 0.32730714285714285 0.6811789924973204 0.08060714285714285 0.10430868167202571
0 0.14994285714285713 0.7414040728831726 0.08396428571428571 0.08639871382636656
0 0.22601428571428572 0.354951768488746 0.02947142857142857 0.043033226152197214
0 0.17364285714285713 0.3302786709539121 0.027871428571428575 0.02684887459807074
0 0.8271071428571429 0.27687031082529473 0.1634 0.08077170418006431
0 0.73505 0.27152197213290463 0.03993571428571428 0.05043944265809218
0 0.9381357142857144 0.25545551982851017 0.060078571428571426 0.029710610932475883
0 0.14463571428571428 0.38307609860664527 0.02897857142857143 0.03649517684887459
0 0.16224285714285713 0.3667202572347267 0.03232857142857143 0.040407288317256165
0 0.11367857142857143 0.41971061093247586 0.045635714285714286 0.03695605573419078
0 0.12053571428571429 0.9810182207931404 0.09738571428571428 0.03797427652733119
0 0.1801142857142857 0.3958306538049303 0.03288571428571428 0.025166130760986068
0 0.5830142857142857 0.26833869239013936 0.14287857142857144 0.04618435155412648