0 0.6290254237288135 0.9783274273564848 0.06624293785310734 0.04169383416017009
0 0.07016007532956686 0.9226151665485471 0.09009416195856874 0.09187810063784549
0 0.422909604519774 0.8713111268603828 0.06733992467043315 0.0893408929836995
0 0.5925659133709981 0.7474486180014175 0.06037193973634651 0.07272147413182141
0 0.9674199623352167 0.8828632175761871 0.06516007532956686 0.09131112686038272
0 0.9224058380414313 0.9786605244507443 0.07662900188323916 0.04046066619418852
0 0.13459981167608284 0.9641672572643516 0.11677966101694914 0.07167257264351523
0 0.29232580037664785 0.9086676116229625 0.07242467043314502 0.07059532246633593
0 0.1363418079096045 0.842388377037562 0.06260828625235404 0.07613749114103473
0 0.27703389830508474 0.9795605953224664 0.08637947269303202 0.04087172218284905
0 0.4093691148775895 0.20247342310418143 0.03903483992467043 0.02316796598157335
0 0.6233992467043314 0.9395605953224664 0.06871468926553671 0.03975194897236003
0 0.7204143126177025 0.5916867469879518 0.04381826741996233 0.0326293408929837
0 0.19264595103578155 0.9019418851878102 0.0733286252354049 0.1003260099220411
0 0.5800188323917138 0.685223245924876 0.04746704331450094 0.03957476966690291
0 0.5974999999999999 0.8233167965981574 0.05778719397363465 0.06658398299078667
0 0.7410922787193973 0.8555846917080085 0.0693361581920904 0.07781715095676825
0 0.7647033898305085 0.9374344436569809 0.08178436911487759 0.06082211197732104
0 0.7378813559322034 0.9050744153082919 0.06904896421845574 0.08698086463501063
0 0.7536487758945386 0.6843160878809356 0.06085687382297551 0.06226080793763288
0 0.3393502824858757 0.3569525159461375 0.02461864406779661 0.01777462792345854
0 0.23051789077212806 0.8323175053153792 0.06220809792843691 0.07870304748405386
0 0.20911016949152542 0.8628206945428775 0.06862523540489641 0.06377746279234585
0 0.03518832391713747 0.9870659107016301 0.06998116760828625 0.025875265768958183
0 0.8962193973634651 0.9169312544294826 0.07750470809792843 0.06110559886605244
0 0.8318596986817325 0.821141034727144 0.06353578154425611 0.06287739192062367
0 0.604030131826742 0.8708433734939759 0.06982580037664783 0.08299787384833451
0 0.8269067796610169 0.797462792345854 0.07201977401129943 0.07754783841247342
0 0.7070338983050848 0.7474202693125442 0.061958568738229754 0.056853295535081505
0 0.23853107344632768 0.7984620836286322 0.06811205273069679 0.07743444365698086
0 0.8671280602636535 0.8939404677533663 0.08220809792843692 0.08775336640680369
0 0.8499858757062146 0.5264209780297661 0.03296139359698682 0.02445074415308292
0 0.32363935969868174 0.8087243090007087 0.06754708097928437 0.08485471296952517
0 0.2772551789077213 0.958880226789511 0.07455743879472694 0.053947554925584694
0 0.3005508474576271 0.8390361445783133 0.06504237288135593 0.06352232459248759
0 0.40822975517890775 0.49200566973777465 0.03275894538606403 0.03307583274273565
0 0.9863983050847458 0.954727143869596 0.027203389830508476 0.08922749822820696
0 0.10961864406779662 0.8732530120481928 0.06481638418079096 0.08119773210489015
0 0.9629472693032015 0.8376399716513112 0.07119585687382297 0.09330262225372077
0 0.6011016949152542 0.8444507441530829 0.06004237288135593 0.05532955350815024
0 0.7789830508474576 0.9189227498228206 0.07412429378531073 0.05520198440822112
0 0.25796610169491524 0.7391070163004961 0.062984934086629 0.08428773919206237
0 0.14802730696798494 0.8087810063784551 0.06935028248587571 0.08730687455705173
0 0.2881920903954802 0.9402976612331679 0.07124764595103579 0.07454287739192063
0 0.4375329566854991 0.7788660524450745 0.06488700564971751 0.10313253012048193
0 0.9288700564971751 0.7720056697377746 0.06675612052730696 0.07148121899362155
0 0.6233050847457627 0.9597306874557052 0.07109698681732579 0.07717930545712261
0 0.44296139359698683 0.7387880935506733 0.056671374764595106 0.08364280652019844
0 0.6628389830508474 0.41921332388377036 0.03470338983050847 0.0258681785967399
0 0.32505649717514123 0.4029482636428065 0.021822033898305084 0.020588235294117647
0 0.2819679849340866 0.6813182140326011 0.04417608286252354 0.03111977321048901
0 0.8813276836158193 0.7364776754075124 0.058888888888888886 0.06149539333805811
0 0.8454896421845574 0.5675265768958185 0.032071563088512244 0.0307512402551382
0 0.41474576271186436 0.3198936924167257 0.02114406779661017 0.0207512402551382
0 0.30187853107344637 0.8598157335223247 0.06055084745762712 0.04184975194897236
0 0.7851177024482109 0.7286180014174344 0.06667608286252354 0.0815520907158044
0 0.7187900188323917 0.5994897236002835 0.05978813559322033 0.04747696669029057
0 0.1318502824858757 0.9809496810772501 0.10919962335216572 0.03809355067328136
0 0.6938559322033898 0.41136073706591064 0.02129943502824859 0.02151665485471297
0 0.4408003766478343 0.6332104890148831 0.0475517890772128 0.05583274273564848
0 0.5957297551789077 0.35284904323175054 0.024731638418079096 0.02518781006378455
0 0.24947269303201505 0.7765839829907867 0.07105461393596986 0.09943302622253722
0 0.6343173258003766 0.35494684620836287 0.03643596986817326 0.023933380581148123
0 0.2934981167608286 0.6698936924167257 0.05738229755178908 0.06301913536498938
0 0.6541148775894539 0.656144578313253 0.038587570621468927 0.0306094968107725
0 0.33794726930320146 0.36466335931963145 0.027518832391713748 0.032785258681785966
0 0.36518361581920905 0.38296952515946137 0.025607344632768363 0.02677533664068037
0 0.5402401129943503 0.32524450744153083 0.015974576271186442 0.014932671863926293
0 0.38939265536723167 0.5208858965272857 0.035866290018832396 0.031467044649184976
0 0.33429849340866286 0.7910843373493976 0.08022128060263653 0.056761162296243804
0 0.7065960451977401 0.4277037562012757 0.048163841807909606 0.022728561304039687
0 0.8102401129943503 0.7712260807937633 0.08359227871939737 0.07693834160170092
0 0.952123352165725 0.8181502480510277 0.07395951035781545 0.0745074415308292
0 0.3609981167608286 0.4995180722891567 0.03224105461393597 0.025279943302622256
0 0.783436911487759 0.4862154500354358 0.03902071563088512 0.022232459248759745
0 0.30142184557438795 0.8692912827781715 0.06887005649717515 0.08548547129695253
0 0.4468267419962335 0.6867257264351524 0.04719868173258004 0.045740609496810775
0 0.9016148775894538 0.7585754783841246 0.0810593220338983 0.08301913536498937
0 0.43112523540489645 0.8091211906449327 0.05927966101694915 0.04997873848334514
0 0.390484934086629 0.5616867469879517 0.0325517890772128 0.031800141743444366
0 0.27785310734463275 0.5321048901488306 0.03055084745762712 0.02562721474131821
0 0.8290583804143127 0.7764918497519491 0.07021186440677966 0.052062367115520904
0 0.6998069679849341 0.559305457122608 0.044811676082862524 0.037661233167965984
0 0.3602448210922787 0.3907087172218285 0.029077212806026365 0.017654145995747696