0 0.172425 0.5513777777777777 0.08950625000000001 0.15284444444444445
0 0.26256875 0.5842111111111111 0.08231875000000001 0.16482222222222223
0 0.18566875 0.7693111111111111 0.13209375 0.2280111111111111
0 0.1596375 0.9354555555555555 0.15789375 0.1291
0 0.22505624999999999 0.4397111111111111 0.06816875 0.10564444444444444
0 0.04423125 0.8528666666666667 0.0884625 0.2803333333333333
0 0.661825 0.7396111111111111 0.10523125 0.2111222222222222
0 0.95485 0.5285666666666666 0.08985625000000001 0.12517777777777778
0 0.3382875 0.8663777777777778 0.14564375 0.25445555555555555
0 0.36575 0.6971555555555556 0.09325 0.14685555555555554
0 0.26418125 0.38474444444444444 0.049781250000000006 0.06684444444444444
0 0.39788125 0.6236555555555555 0.08759375 0.1581777777777778
0 0.6454625 0.5802555555555555 0.08270625000000001 0.12604444444444443
0 0.334925 0.3939888888888889 0.052612500000000006 0.11084444444444445
0 0.50135625 0.783811111111111 0.10083125000000001 0.2422777777777778
0 0.38096874999999997 0.5251888888888889 0.067125 0.10974444444444444
0 0.6524625000000001 0.34234444444444445 0.08094375 0.06928888888888889
0 0.98358125 0.5827222222222223 0.03284375 0.12804444444444443
0 0.97866875 0.5417 0.041475 0.10994444444444444
0 0.38779375 0.4822222222222222 0.065225 0.15884444444444445
0 0.4648125 0.36367777777777777 0.04976875 0.058388888888888886
0 0.6605875 0.7894777777777777 0.09494375 0.12573333333333334
0 0.4568 0.28202222222222223 0.031525 0.03518888888888889
0 0.49861875 0.5678222222222222 0.0784375 0.19583333333333333
0 0.366925 0.26030000000000003 0.027512500000000002 0.021344444444444444
0 0.6369250000000001 0.40586666666666665 0.05078125 0.061677777777777776
0 0.6453125 0.28648888888888885 0.03191875 0.03554444444444444
0 0.37664375 0.24151111111111112 0.03011875 0.027433333333333334