0 0.34912499999999996 0.6137222222222222 0.23678333333333332 0.7135694444444444
0 0.515375 0.36918055555555557 0.218625 0.6193055555555556
0 0.7273 0.6279722222222222 0.3554583333333333 0.7440416666666667
0 0.9391333333333334 0.41512499999999997 0.12173333333333335 0.5643611111111111
0 0.8153083333333333 0.6376666666666667 0.26545833333333335 0.7246805555555556
0 0.662575 0.21931944444444443 0.11951666666666666 0.24419444444444444
0 0.39934166666666665 0.2109166666666667 0.18115 0.2869166666666667
0 0.0664 0.19340277777777778 0.13192500000000001 0.28761111111111115
0 0.249325 0.21258333333333335 0.16840833333333333 0.3338888888888889
0 0.82675 0.18330555555555555 0.10262500000000001 0.2713611111111111
0 0.18180833333333332 0.5793611111111111 0.3579833333333333 0.8412638888888889