0 0.15929166666666666 0.8706962962962963 0.08726666666666666 0.09229629629629629
0 0.24075833333333335 0.929274074074074 0.07278333333333334 0.08874074074074075
0 0.03625 0.9397037037037036 0.07240833333333334 0.10791111111111111
0 0.3359916666666667 0.3468148148148148 0.0765 0.08860740740740741
0 0.4335333333333333 0.9383111111111111 0.084775 0.0978962962962963
0 0.5098833333333334 0.8405333333333334 0.09261666666666667 0.11562962962962962
0 0.06670000000000001 0.6196148148148148 0.098125 0.11583703703703703
0 0.04459166666666667 0.7550074074074073 0.08919166666666667 0.10157037037037038
0 0.17369166666666666 0.5676740740740741 0.07958333333333334 0.09807407407407408
0 0.26658333333333334 0.7724148148148148 0.072325 0.0843111111111111
0 0.34524166666666667 0.7288 0.07109166666666666 0.0837925925925926
0 0.19178333333333333 0.6695407407407408 0.08114166666666667 0.0962962962962963
0 0.11623333333333333 0.11562962962962962 0.064 0.07468148148148147
0 0.3510916666666667 0.8497037037037036 0.08259166666666666 0.09512592592592592
0 0.6315583333333333 0.654 0.06593333333333334 0.08681481481481482
0 0.094025 0.45434074074074077 0.09729166666666667 0.1097037037037037
0 0.21789166666666668 0.38037037037037036 0.07445833333333333 0.09808888888888888
0 0.45955 0.2708740740740741 0.07065 0.09447407407407409
0 0.348025 0.9683555555555555 0.08232500000000001 0.06293333333333333
0 0.6968166666666666 0.7087555555555556 0.07383333333333333 0.08365925925925925
0 0.8410416666666667 0.5678222222222222 0.09784166666666666 0.13263703703703703
0 0.5612416666666666 0.5858074074074074 0.06879166666666667 0.084
0 0.43597499999999995 0.7871703703703704 0.08810833333333333 0.09305185185185186
0 0.763625 0.6565777777777778 0.063025 0.0777037037037037
0 0.5387166666666667 0.2292888888888889 0.06918333333333333 0.09195555555555555
0 0.789925 0.5239407407407408 0.10386666666666666 0.11586666666666666
0 0.3685333333333333 0.09644444444444443 0.057775 0.07025185185185186
0 0.6935833333333333 0.5973481481481481 0.058649999999999994 0.08282962962962963
0 0.211725 0.25838518518518516 0.06540833333333333 0.0757037037037037
0 0.9741166666666667 0.37065185185185184 0.049933333333333337 0.08097777777777777
0 0.51015 0.3342962962962963 0.06408333333333334 0.08315555555555557
0 0.04795833333333333 0.2524296296296296 0.08024166666666667 0.08468148148148148
0 0.7077333333333333 0.21915555555555558 0.054575 0.0733037037037037
0 0.7060416666666667 0.4792592592592593 0.06441666666666666 0.07231111111111112
0 0.8839166666666667 0.34805925925925923 0.052583333333333336 0.06315555555555556
0 0.4200916666666667 0.40216296296296294 0.06968333333333333 0.09234074074074074
0 0.6212583333333334 0.7573333333333333 0.06968333333333333 0.0932888888888889
0 0.6428 0.2760740740740741 0.05124166666666667 0.0673037037037037
0 0.4473666666666667 0.04322962962962963 0.053516666666666664 0.06277037037037037
0 0.8080166666666667 0.25176296296296297 0.05732500000000001 0.06789629629629629
0 0.35285 0.19365925925925925 0.07235833333333333 0.08231111111111111
0 0.023966666666666667 0.544474074074074 0.047933333333333335 0.10804444444444446
0 0.9425333333333333 0.3112148148148148 0.04729166666666667 0.06045925925925926
0 0.7681333333333333 0.19797037037037035 0.045775 0.06497777777777777
0 0.29325833333333334 0.22554074074074076 0.0624 0.07856296296296296
0 0.9799500000000001 0.45813333333333334 0.038391666666666664 0.07364444444444444
0 0.2581 0.05545185185185185 0.06595 0.0641037037037037
0 0.7105 0.13308148148148147 0.06133333333333333 0.07327407407407407
0 0.11467500000000001 0.2043259259259259 0.06474166666666667 0.0772888888888889
0 0.7412916666666667 0.298962962962963 0.0526 0.06817777777777778
0 0.66165 0.16976296296296298 0.054016666666666664 0.05962962962962963
0 0.06441666666666666 0.3516 0.0713 0.08546666666666666
0 0.3151333333333334 0.13297777777777778 0.053025 0.07398518518518518
0 0.12470833333333334 0.30185185185185187 0.06876666666666666 0.08875555555555555
0 0.8122083333333333 0.41731851851851853 0.05873333333333334 0.06983703703703704
0 0.21005000000000001 0.1830074074074074 0.06653333333333333 0.07634074074074074
0 0.65035 0.5039111111111111 0.07065833333333334 0.09025185185185186
0 0.5866 0.28903703703703704 0.074475 0.1074962962962963
0 0.9447416666666667 0.09112592592592593 0.050833333333333335 0.06305185185185186
0 0.8280583333333333 0.07562962962962963 0.046475 0.0588
0 0.052783333333333335 0.05845925925925926 0.07440833333333334 0.0933925925925926
0 0.896225 0.4478074074074074 0.088675 0.10194074074074075
0 0.4603916666666667 0.4845629629629629 0.062266666666666665 0.07422222222222223
0 0.5960000000000001 0.3776 0.0674 0.08527407407407407
0 0.9678500000000001 0.1544888888888889 0.04734166666666667 0.06054814814814814
0 0.9837916666666666 0.07554074074074074 0.03241666666666666 0.05748148148148148
0 0.8600583333333333 0.21088888888888888 0.052908333333333335 0.07124444444444444
0 0.8501666666666667 0.13173333333333334 0.056350000000000004 0.08124444444444445
0 0.6675333333333333 0.6922814814814815 0.125925 0.12647407407407407
0 0.9245916666666667 0.4187851851851852 0.051125000000000004 0.062370370370370375
0 0.7580666666666667 0.10551111111111111 0.051991666666666665 0.060829629629629636
0 0.28603333333333336 0.593837037037037 0.071875 0.10432592592592593
0 0.6774 0.33912592592592594 0.057433333333333336 0.07758518518518519
0 0.8996333333333333 0.13164444444444445 0.042758333333333336 0.05757037037037037
0 0.802775 0.16484444444444443 0.04426666666666666 0.06368888888888889
0 0.606675 0.19952592592592594 0.052583333333333336 0.06041481481481482
0 0.9021499999999999 0.046533333333333336 0.04013333333333333 0.04577777777777778
0 0.8581 0.06296296296296296 0.038925 0.054814814814814816
0 0.4710583333333333 0.11703703703703704 0.05151666666666667 0.06814814814814815
0 0.5881333333333333 0.01925925925925926 0.044333333333333336 0.03851851851851852
0 0.9909833333333334 0.25925925925925924 0.018033333333333335 0.056296296296296296
0 0.010283333333333334 0.37555555555555553 0.019966666666666667 0.12