0 0.4659625 0.6930018761726079 0.1257375 0.14883677298311446
0 0.7243 0.7525703564727955 0.1520375 0.16833020637898685
0 0.257625 0.9080300187617261 0.16122499999999998 0.17962476547842401
0 0.5680375 0.8944277673545966 0.1946875 0.20930581613508442
0 0.0440125 0.835422138836773 0.088025 0.18318949343339588
0 0.069275 0.5006191369606003 0.09071249999999999 0.10964352720450281
0 0.251425 0.7517823639774859 0.1326875 0.15457786116322703
0 0.5973125 0.536547842401501 0.1033875 0.12722326454033772
0 0.7911625 0.4489681050656661 0.091225 0.09690431519699812
0 0.575275 0.4712195121951219 0.106725 0.13371482176360225
0 0.500375 0.3552157598499062 0.07212500000000001 0.08356472795497186
0 0.4583625 0.2975422138836773 0.059675000000000006 0.06803001876172607
0 0.8589249999999999 0.4968667917448405 0.09106249999999999 0.1076735459662289
0 0.9394625000000001 0.5781988742964352 0.1180625 0.1522701688555347
0 0.412875 0.4549155722326454 0.09001250000000001 0.0774859287054409
0 0.36162500000000003 0.3580300187617261 0.07554999999999999 0.0822326454033771
0 0.0914125 0.4119324577861163 0.09755000000000001 0.12934333958724203
0 0.3750875 0.4417260787992495 0.0773125 0.10110694183864916
0 0.7435375000000001 0.3956848030018762 0.078225 0.0850656660412758
0 0.9116500000000001 0.5148030018761726 0.09699999999999999 0.09050656660412758
0 0.6362375 0.3096998123827392 0.06145 0.06896810506566604
0 0.9081 0.9496622889305817 0.1837875 0.10067542213883676
0 0.908575 0.41478424015009385 0.092525 0.09403377110694183
0 0.2286875 0.4574296435272045 0.08737500000000001 0.08943714821763603
0 0.018125 0.34859287054409005 0.032400000000000005 0.09885553470919324
0 0.978275 0.6306191369606003 0.043025 0.1855909943714822
0 0.236625 0.38714821763602253 0.0884375 0.08313320825515948
0 0.9775499999999999 0.46621013133208256 0.0448875 0.10924953095684803
0 0.46997500000000003 0.31551594746716694 0.08627499999999999 0.09726078799249531
0 0.8118875 0.3624577861163227 0.07765 0.09101313320825516
0 0.611825 0.27091932457786116 0.051237500000000005 0.06399624765478423
0 0.7641500000000001 0.3076172607879925 0.061962500000000004 0.06422138836772982
0 0.41411250000000005 0.9602439024390244 0.1536125 0.07943714821763603
0 0.23715 0.49555347091932456 0.10397500000000001 0.06600375234521576
0 0.0929875 0.08343339587242025 0.0301125 0.02726078799249531
0 0.7196250000000001 0.28960600375234524 0.05635 0.06198874296435272
0 0.43782499999999996 0.2552720450281426 0.0418125 0.052138836772983116
0 0.239 0.30589118198874293 0.0712 0.07114446529080676
0 0.0644 0.08399624765478425 0.0304 0.01979362101313321
0 0.06358749999999999 0.10859287054409006 0.0360875 0.031106941838649153
0 0.12543749999999998 0.3181801125703565 0.0641125 0.09219512195121951
0 0.9182125000000001 0.2151031894934334 0.0458875 0.039418386491557225
0 0.48469999999999996 0.35279549718574105 0.08761250000000001 0.1201313320825516
0 0.5255 0.20846153846153845 0.048125 0.06091932457786116
0 0.9160124999999999 0.2612757973733583 0.0599625 0.05658536585365854
0 0.88275 0.31153846153846154 0.059574999999999996 0.07138836772983113
0 0.9796125000000001 0.3669230769230769 0.03875 0.0975046904315197
0 0.2322 0.25395872420262666 0.0567 0.041219512195121946
0 0.0714875 0.955140712945591 0.1363875 0.089718574108818
0 0.6800125 0.2467354596622889 0.053925 0.05673545966228893