0 0.5838896366083445 0.6435700934579439 0.07936742934051144 0.08801869158878506
0 0.9441049798115747 0.7169158878504673 0.11180349932705248 0.13074766355140188
0 0.08676985195154778 0.5283551401869159 0.06366083445491251 0.07328971962616823
0 0.8639165545087483 0.642803738317757 0.08725437415881561 0.08409345794392524
0 0.3790847913862719 0.5779252336448598 0.06601615074024225 0.07330841121495327
0 0.7860834454912516 0.7548785046728972 0.09971736204576044 0.10665420560747664
0 0.18310901749663527 0.535588785046729 0.059986541049798114 0.06420560747663552
0 0.1578734858681023 0.47302803738317756 0.05201884253028263 0.04829906542056075
0 0.8061911170928667 0.5712710280373832 0.06263795423956932 0.0705607476635514
0 0.706864064602961 0.6081682242990655 0.07519515477792732 0.08039252336448598
0 0.5712651413189771 0.4937570093457944 0.0519650067294751 0.04801869158878505
0 0.3242126514131898 0.5479065420560748 0.05518169582772544 0.06624299065420561
0 0.19635262449528934 0.44816822429906544 0.04569313593539704 0.04418691588785047
0 0.5532974427994617 0.553607476635514 0.06001345895020189 0.06706542056074767
0 0.2935262449528937 0.4214766355140187 0.04207267833109018 0.04207476635514019
0 0.9775100942126513 0.5229158878504673 0.04499327052489906 0.05925233644859813
0 0.9374831763122475 0.4865233644859813 0.05278600269179004 0.05525233644859813
0 0.431278600269179 0.41528971962616823 0.037819650067294756 0.03480373831775701
0 0.1401749663526245 0.43611214953271027 0.04628532974427995 0.04418691588785047
0 0.36087483176312246 0.43775700934579437 0.04364737550471063 0.04357009345794392
0 0.6649259757738897 0.5203738317757008 0.058048452220726784 0.05435514018691588
0 0.7781561238223418 0.5234579439252337 0.05549125168236877 0.05396261682242991
0 0.3236742934051144 0.47353271028037386 0.04973082099596232 0.051794392523364485
0 0.3247510094212651 0.38852336448598135 0.035908479138627186 0.03029906542056075
0 0.5600134589502018 0.4807663551401869 0.05722745625841185 0.05994392523364486
0 0.3822745625841184 0.39306542056074767 0.03172274562584119 0.03390654205607477
0 0.41913862718707945 0.4532710280373832 0.041911170928667564 0.043626168224299065
0 0.975585464333782 0.3850093457943925 0.03216689098250336 0.027457943925233645
0 0.08641991924629878 0.46986915887850467 0.0433378196500673 0.046822429906542055
0 0.3074158815612382 0.36364485981308414 0.02930013458950202 0.02250467289719626
0 0.2727321668909825 0.35151401869158877 0.023283983849259757 0.019588785046728972
0 0.8539434724091521 0.5096635514018691 0.05485868102288021 0.05783177570093458
0 0.9914804845222072 0.861981308411215 0.01702557200538358 0.10254205607476635
0 0.6781830417227456 0.4221121495327103 0.03384925975773889 0.03641121495327103
0 0.32959623149394346 0.344 0.028048452220726782 0.02700934579439252
0 0.3242664872139973 0.7605420560747663 0.10963660834454912 0.11809345794392523
0 0.4248317631224764 0.4866168224299065 0.04742934051144011 0.04973831775700934
0 0.8766218034993271 0.35306542056074763 0.026406460296096907 0.024355140186915886
0 0.4098384925975774 0.34633644859813084 0.027308209959623148 0.02358878504672897
0 0.7012920592193809 0.4417196261682243 0.0418842530282638 0.036654205607476634
0 0.6291251682368775 0.4595700934579439 0.04627187079407807 0.04932710280373832
0 0.9883041722745625 0.6482616822429906 0.019676985195154775 0.08441121495327102
0 0.7040107671601615 0.4555700934579439 0.04558546433378196 0.03824299065420561
0 0.46627187079407806 0.31029906542056074 0.01917900403768506 0.023495327102803738
0 0.7037012113055182 0.34682242990654205 0.02395693135935397 0.024355140186915886
0 0.6875504710632571 0.43114018691588785 0.05106325706594885 0.04284112149532711
0 0.5827321668909825 0.3715140186915888 0.035316285329744276 0.03284112149532711
0 0.7319246298788695 0.3656261682242991 0.032234185733512784 0.02852336448598131
0 0.7879138627187079 0.39097196261682243 0.05725437415881561 0.029757009345794394
0 0.6359488559892328 0.39069158878504673 0.03297442799461642 0.030336448598130842
0 0.35109017496635264 0.321177570093458 0.023432032301480485 0.02119626168224299
0 0.33448183041722745 0.3727102803738318 0.038936742934051145 0.030186915887850465
0 0.45518169582772544 0.36598130841121496 0.02889636608344549 0.03478504672897196
0 0.7928936742934051 0.31684112149532706 0.02395693135935397 0.020822429906542057
0 0.5398250336473754 0.4191401869158879 0.036123822341857334 0.02592523364485981
0 0.6250605652759085 0.8598130841121495 0.14989232839838493 0.19841121495327105
0 0.8398654104979811 0.8440000000000001 0.16329744279946165 0.20992523364485982
0 0.8952489905787347 0.5269532710280375 0.0752893674293405 0.0819626168224299
0 0.9408075370121131 0.5729719626168225 0.07792732166890982 0.08482242990654205
0 0.23635262449528938 0.6110654205607476 0.08476446837146702 0.10351401869158879
0 0.12454912516823688 0.7936822429906543 0.11791386271870793 0.16966355140186914