0 0.13059166666666666 0.6510513141426784 0.2564 0.27503128911138924
0 0.33469166666666667 0.532415519399249 0.148425 0.16852315394242803
0 0.03269166666666667 0.38862327909887356 0.06510833333333332 0.07146433041301627
0 0.9247500000000001 0.8275719649561952 0.15050833333333336 0.3139424280350438
0 0.8490666666666666 0.6162828535669588 0.18038333333333334 0.22559449311639548
0 0.3888083333333333 0.4669461827284105 0.117125 0.14679599499374218
0 0.139925 0.3736670838548185 0.06324166666666667 0.06057571964956195
0 0.07377500000000001 0.36294117647058827 0.05959999999999999 0.05550688360450563
0 0.4977916666666667 0.8466583229036295 0.2735583333333333 0.26886107634543177
0 0.5341250000000001 0.6239424280350437 0.184725 0.2125907384230288
0 0.7984749999999999 0.524793491864831 0.12167499999999999 0.1418648310387985
0 0.36480833333333335 0.363767209011264 0.04559166666666667 0.05785982478097622
0 0.9494083333333333 0.5181226533166459 0.08173333333333334 0.10351689612015018
0 0.5046666666666667 0.4448936170212766 0.10239999999999999 0.1183729662077597
0 0.7686666666666666 0.4597747183979975 0.08588333333333334 0.11163954943679599
0 0.5810666666666666 0.5436795994993742 0.108125 0.11141426783479348
0 0.9821 0.5717772215269087 0.0358 0.14108886107634544
0 0.10478333333333333 0.3288861076345431 0.045033333333333335 0.03693366708385482
0 0.18763333333333332 0.33490613266583225 0.030950000000000002 0.02678347934918648
0 0.5410416666666666 0.3920775969962453 0.05594166666666666 0.05909887359198999
0 0.022583333333333334 0.32922403003754697 0.04516666666666667 0.03585732165206508
0 0.876675 0.4590863579474343 0.06570000000000001 0.07314142678347935
0 0.48692499999999994 0.3533166458072591 0.029750000000000002 0.03247809762202753
0 0.6115666666666667 0.42392991239048816 0.07781666666666666 0.09022528160200251
0 0.4064416666666667 0.35568210262828537 0.034875 0.03707133917396746
0 0.8516250000000001 0.4276720901126408 0.06114166666666667 0.06409261576971215
0 0.18435833333333332 0.37011264080100126 0.037533333333333335 0.05649561952440551
0 0.4583083333333334 0.3593867334167709 0.031008333333333336 0.023516896120150187
0 0.6522666666666667 0.40754693366708383 0.06485833333333334 0.0955944931163955
0 0.58275 0.4950688360450563 0.100275 0.10946182728410513