0 0.5633333333333334 0.5872949389179756 0.11087524654832347 0.1712652705061082
0 0.41698717948717945 0.8421116928446771 0.14336538461538462 0.19215532286212916
0 0.1275 0.7589397905759162 0.1463214990138067 0.19598167539267017
0 0.046740631163708087 0.8823516579406632 0.09347879684418145 0.20451570680628273
0 0.27192307692307693 0.6747033158813264 0.11188116370808679 0.15663612565445026
0 0.09702662721893492 0.6124389179755672 0.1254388560157791 0.1456631762652705
0 0.2549063116370809 0.5043760907504363 0.10158777120315582 0.13041012216404885
0 0.4542357001972387 0.4847687609075043 0.10714003944773176 0.15426265270506107
0 0.0952292899408284 0.4992975567190227 0.1079758382642998 0.1251483420593368
0 0.3393836291913215 0.43404013961605586 0.09050788954635108 0.11102094240837697
0 0.03379930966469428 0.42939790575916226 0.06760108481262328 0.12892670157068062
0 0.7366592702169625 0.4068891797556719 0.0779240631163708 0.10592495636998255
0 0.023762327416173568 0.7062085514834207 0.044958086785009864 0.15467277486910994
0 0.5646375739644971 0.3856849912739965 0.08791913214990138 0.11867364746945899
0 0.1017578895463511 0.3960820244328098 0.08079881656804734 0.09455497382198953
0 0.5051849112426036 0.44506108202443284 0.07432692307692308 0.10884380453752182
0 0.25826676528599607 0.3972643979057591 0.08456360946745563 0.1043760907504363
0 0.2416543392504931 0.970977312390925 0.1604413214990138 0.058045375218150085
0 0.08077416173570019 0.31643542757417104 0.07619329388560159 0.07947643979057592
0 0.6302391518737672 0.336042757417103 0.06980276134122287 0.08740837696335078
0 0.4423989151873767 0.37054537521815006 0.07902859960552269 0.08704188481675393
0 0.2848865877712032 0.26244764397905757 0.062140039447731756 0.07319808027923212
0 0.029482248520710057 0.3455279232111693 0.058057199211045366 0.060868237347294935
0 0.21161489151873766 0.35215532286212914 0.07301035502958579 0.08515270506108202
0 0.7581854043392504 0.34706369982547997 0.07138313609467455 0.09917102966841188
0 0.32965976331360947 0.3491666666666666 0.07361686390532544 0.06955497382198952
0 0.4919329388560158 0.3226003490401396 0.07428500986193294 0.1069066317626527
0 0.7975 0.30458115183246076 0.06331360946745562 0.09927137870855149
0 0.8577662721893491 0.23173647469458988 0.0478698224852071 0.06126963350785341
0 0.6902268244575936 0.27386998254799305 0.05560157790927022 0.07102530541012216
0 0.8424013806706115 0.26530104712041885 0.04946252465483235 0.07451570680628272
0 0.913335798816568 0.16479493891797556 0.03505177514792899 0.04379144851657941
0 0.6678722879684418 0.31000436300174516 0.05373027613412229 0.073717277486911
0 0.8931163708086785 0.19678446771378708 0.039534023668639055 0.055842059336823735
0 0.9359368836291913 0.1394808027923211 0.042544378698224854 0.0493760907504363
0 0.5546572978303748 0.29462478184991275 0.054391025641025645 0.07784467713787085
0 0.4415853057199211 0.23472513089005237 0.050337771203155815 0.051596858638743456
0 0.3473865877712032 0.2780890052356021 0.06062376725838264 0.08097294938917976
0 0.3942973372781065 0.31777050610820246 0.06315088757396449 0.0799869109947644
0 0.36471400394477316 0.21523996509598603 0.058227317554240626 0.0843499127399651
0 0.41360946745562127 0.19197207678883071 0.04424556213017752 0.06399214659685863