0 0.33616125760649085 0.7669754977029096 0.1465162271805274 0.16607963246554364
0 0.13070486815415822 0.9350995405819296 0.1836663286004057 0.1298085758039816
0 0.5731693711967546 0.8430321592649311 0.1369574036511156 0.13542113323124044
0 0.8780882352941176 0.6221209800918837 0.11063387423935091 0.13568912710566616
0 0.5080831643002028 0.9217840735068912 0.15638438133874238 0.14830015313935682
0 0.4279259634888438 0.6150229709035222 0.11504056795131846 0.1369448698315467
0 0.6048225152129818 0.7302373660030629 0.12192697768762677 0.15012251148545178
0 0.03453853955375254 0.4227488514548239 0.06683569979716025 0.11402756508422664
0 0.47354969574036515 0.5526416539050536 0.10604969574036512 0.12981623277182236
0 0.8610496957403652 0.8020673813169985 0.14412778904665316 0.13405053598774885
0 0.2904868154158215 0.24394333843797855 0.06472616632860041 0.07185298621745789
0 0.6863995943204868 0.5894333843797855 0.09750507099391481 0.12277947932618682
0 0.842342799188641 0.9621056661562022 0.14684077079107505 0.07579632465543644
0 0.032494929006085194 0.3375650842266463 0.06332150101419878 0.07758039816232772
0 0.9091176470588235 0.5293108728943339 0.08026876267748478 0.1158039816232772
0 0.8537931034482759 0.8800229709035222 0.1442393509127789 0.12338437978560489
0 0.19591784989858013 0.24516079632465543 0.061967545638945236 0.06768759571209801
0 0.33475659229208926 0.5151148545176111 0.08391987829614606 0.10967075038284839
0 0.5404868154158214 0.5158575803981623 0.08301724137931035 0.11890505359877487
0 0.8851825557809331 0.479885145482389 0.08457403651115619 0.11238131699846861
0 0.1432707910750507 0.27202143950995405 0.05024847870182556 0.07394333843797855
0 0.3606288032454361 0.47120980091883613 0.09498985801217039 0.10060490045941806
0 0.20399594320486814 0.17911944869831548 0.04619168356997972 0.05261102603369065
0 0.5466430020283976 0.4329019908116386 0.09365111561866125 0.1349081163859112
0 0.4811764705882353 0.9795022970903522 0.13947768762677484 0.04099540581929556
0 0.10605983772819473 0.36879785604900456 0.07528397565922922 0.09071209800918836
0 0.5762880324543611 0.7704747320061256 0.11866632860040567 0.05003062787136294
0 0.36224645030425967 0.1916385911179173 0.050659229208924954 0.05839203675344564
0 0.7159787018255579 0.45105666156202145 0.07615111561866125 0.10502297090352221
0 0.6941176470588235 0.4956049004594181 0.09047160243407708 0.10044410413476264
0 0.3733367139959432 0.4368529862174579 0.07982251521298174 0.08196018376722818
0 0.3087068965517241 0.16777947932618684 0.048549695740365106 0.05359111791730475
0 0.24168864097363082 0.16209035222052068 0.03990872210953347 0.04827718223583461
0 0.8873123732251521 0.4161638591117917 0.07672413793103448 0.06797856049004594
0 0.46471095334685597 0.11336140888208271 0.038914807302231236 0.05153139356814701
0 0.8822870182555781 0.25841500765696784 0.06976166328600406 0.08579632465543645
0 0.8909533468559838 0.2010949464012251 0.04746450304259635 0.04215160796324655
0 0.4850760649087221 0.3412098009188361 0.06398580121703855 0.07673047473200612
0 0.5423884381338742 0.23724349157733535 0.07718052738336713 0.07444104134762634
0 0.7622464503042596 0.2953828483920367 0.06244421906693712 0.07090352220520674
0 0.39635902636916837 0.16310872894333844 0.05354969574036511 0.05660796324655437
0 0.49349898580121704 0.2968147013782542 0.06931541582150101 0.06815467075038285
0 0.8776419878296147 0.28388208269525267 0.05941683569979716 0.0501301684532925
0 0.5297413793103449 0.2451837672281776 0.05986815415821501 0.04883614088820827
0 0.8593255578093306 0.13892802450229708 0.05471095334685598 0.0407427258805513
0 0.8451217038539554 0.9266845329249617 0.15585192697768763 0.13566615620214395
0 0.44545131845841784 0.403093415007657 0.05148073022312373 0.08937212863705972
0 0.6029107505070994 0.35822358346094946 0.08421906693711968 0.1158499234303216
0 0.45697261663286004 0.3595482388973966 0.06880831643002028 0.09949464012251148
0 0.7692342799188642 0.2335604900459418 0.055116632860040565 0.058238897396630934
0 0.8566734279918864 0.19606431852986217 0.045106490872210955 0.054395099540581936
0 0.8825354969574036 0.23195252679938744 0.06136409736308317 0.06959418070444104
0 0.8942596348884382 0.3566998468606432 0.06449290060851927 0.07055895865237366
0 0.6314858012170386 0.2846937212863706 0.07223123732251521 0.06824655436447166
0 0.8834888438133874 0.3320750382848392 0.07806795131845841 0.09575038284839203
0 0.6573326572008114 0.21634762633996937 0.05954868154158215 0.03993874425727412
0 0.6755679513184585 0.19296324655436448 0.05069979716024341 0.04396630934150077
0 0.5133012170385396 0.2896324655436447 0.05911764705882353 0.06689127105666157
0 0.861080121703854 0.15470137825421132 0.04880324543610547 0.027756508422664625
0 0.8667799188640973 0.3193032159264931 0.05963488843813387 0.07049770290964777
0 0.40447261663286005 0.15047473200612557 0.04279918864097364 0.04324655436447167
0 0.5199087221095334 0.10429555895865238 0.04047667342799188 0.034402756508422665
0 0.684553752535497 0.15382848392036755 0.040927991886409734 0.041003062787136293
0 0.5192799188640973 0.271937212863706 0.06507099391480729 0.06656202143950996
0 0.2267241379310345 0.138843797856049 0.06710446247464504 0.06520673813169985
0 0.5941734279918864 0.40090352220520675 0.07235294117647059 0.08857580398162328
0 0.2712829614604463 0.1436906584992343 0.04371703853955375 0.0535145482388974
0 0.4272920892494929 0.13025267993874426 0.04164300202839757 0.05544410413476263
0 0.3728600405679513 0.17783307810107196 0.06227687626774848 0.05756508422664625
0 0.527418864097363 0.09820061255742726 0.025502028397565924 0.022633996937212863
0 0.7720588235294118 0.12640122511485452 0.04579107505070994 0.0338208269525268
0 0.6897819472616633 0.5286753445635529 0.08230223123732253 0.08638591117917305