0 0.11981914893617021 0.9221371610845295 0.1335851063829787 0.1517384370015949
0 0.04006382978723404 0.45743221690590113 0.06813829787234042 0.08840510366826156
0 0.22270212765957448 0.8036044657097289 0.11995744680851064 0.13899521531100478
0 0.18615957446808512 0.502615629984051 0.07287234042553191 0.08226475279106858
0 0.026531914893617024 0.6440829346092504 0.05306382978723405 0.16446570972886762
0 0.4418191489361702 0.8088357256778309 0.10830851063829787 0.12696969696969698
0 0.9450851063829787 0.4700956937799043 0.061436170212765956 0.07443381180223285
0 0.5544468085106382 0.12251993620414672 0.07896808510638298 0.026379585326953746
0 0.6654361702127659 0.1276395534290271 0.07755319148936171 0.02314194577352472
0 0.11014893617021278 0.12728867623604467 0.07511702127659574 0.026363636363636367
0 0.40452127659574466 0.9243062200956937 0.11965957446808512 0.13527910685805422
0 0.36705319148936166 0.9686124401913876 0.1437659574468085 0.0614354066985646
0 0.2501489361702128 0.7355821371610844 0.11917021276595745 0.12261562998405102
0 0.7624468085106384 0.5723125996810207 0.07545744680851064 0.11078149920255183
0 0.7937872340425531 0.6511483253588517 0.10368085106382978 0.13033492822966508
0 0.19309574468085106 0.30933014354066984 0.03568085106382979 0.04105263157894737
0 0.6035106382978723 0.9339074960127591 0.16052127659574467 0.13218500797448166
0 0.7742021276595744 0.12703349282296653 0.05240425531914893 0.01963317384370016
0 0.4661595744680851 0.7306220095693781 0.0998936170212766 0.12424242424242425
0 0.31267021276595747 0.124481658692185 0.07432978723404256 0.027846889952153113
0 0.41800000000000004 0.8601116427432216 0.11853191489361703 0.10023923444976077
0 0.817404255319149 0.8556459330143541 0.04739361702127659 0.14547049441786283
0 0.3722021276595745 0.33318979266347687 0.037159574468085106 0.045135566188197765
0 0.6365744680851064 0.8518819776714514 0.12243617021276595 0.15287081339712918
0 0.0313936170212766 0.4003030303030303 0.06102127659574468 0.057639553429027116
0 0.055361702127659576 0.9791547049441786 0.11061702127659574 0.04169059011164274
0 0.6189574468085107 0.8820414673046252 0.11449999999999999 0.11001594896331739
0 0.4818829787234043 0.6729186602870814 0.0998723404255319 0.1217384370015949
0 0.5114787234042554 0.5489314194577353 0.07581914893617021 0.06609250398724083
0 0.2726808510638298 0.2806379585326954 0.03192553191489362 0.041212121212121214
0 0.9834042553191489 0.49639553429027117 0.028691489361702127 0.06216905901116427
0 0.22056382978723404 0.2771291866028708 0.03607446808510638 0.048054226475279106
0 0.637563829787234 0.8189952153110047 0.10728723404255319 0.08755980861244018
0 0.2502872340425532 0.3243381180223286 0.03745744680851064 0.031483253588516745
0 0.3406914893617021 0.5950877192982457 0.08262765957446809 0.08910685805422647
0 0.5014893617021277 0.5989154704944178 0.08731914893617021 0.09988835725677832
0 0.31827659574468087 0.30208931419457735 0.03547872340425532 0.05303030303030303
0 0.9122021276595745 0.12562998405103667 0.04474468085106383 0.021770334928229666
0 0.3835638297872341 0.5065231259968102 0.06195744680851064 0.061818181818181814
0 0.3844468085106383 0.2952950558213716 0.02348936170212766 0.036124401913875594
0 0.3608085106382979 0.5570813397129187 0.0681595744680851 0.07460925039872408
0 0.9732659574468085 0.48192982456140354 0.05184042553191489 0.07282296650717703
0 0.3754255319148936 0.5356459330143541 0.07697872340425532 0.10698564593301435
0 0.37593617021276593 0.272200956937799 0.03361702127659574 0.03084529505582137
0 0.055053191489361705 0.3921850079744817 0.09468085106382979 0.05526315789473684
0 0.23993617021276595 0.11669856459330144 0.02777659574468085 0.014848484848484849
0 0.03880851063829787 0.4212918660287081 0.07153191489361702 0.0930622009569378
0 0.4931595744680851 0.12250398724082935 0.04178723404255319 0.018452950558213718
0 0.9888829787234042 0.48837320574162674 0.018553191489361704 0.04794258373205741
0 0.9893936170212766 0.5159968102073365 0.017595744680851063 0.044513556618819776
0 0.3815638297872341 0.2853269537480064 0.0309468085106383 0.04416267942583732
0 0.7723297872340426 0.134688995215311 0.05447872340425532 0.038995215311004784
0 0.6432340425531915 0.5060925039872408 0.06337234042553191 0.04732057416267943
0 0.24235106382978724 0.7050717703349282 0.09882978723404257 0.058245614035087726