0 0.66335 0.8867619926199262 0.08616 0.11160516605166051
0 0.929805 0.8297601476014761 0.08852 0.1049169741697417
0 0.19540000000000002 0.9530166051660516 0.09042 0.09320110701107011
0 0.8495 0.9433302583025831 0.09257 0.11333025830258302
0 0.22438 0.8878228782287823 0.085675 0.10808118081180812
0 0.16798500000000002 0.7638284132841329 0.06954 0.09273062730627306
0 0.783205 0.8041974169741697 0.06841 0.09659594095940958
0 0.2702 0.7881549815498156 0.07423 0.12981549815498156
0 0.97392 0.908809963099631 0.050755 0.1452029520295203
0 0.370425 0.9528044280442803 0.115705 0.08945571955719557
0 0.901505 0.6727306273062731 0.054595 0.07131918819188192
0 0.616925 0.7285885608856089 0.065045 0.09462177121771218
0 0.97174 0.4785239852398524 0.038729999999999994 0.042656826568265686
0 0.80988 0.550719557195572 0.04604 0.06654981549815499
0 0.40203500000000003 0.8042804428044281 0.07220499999999999 0.10054428044280442
0 0.7193849999999999 0.6930535055350553 0.056575 0.07183579335793358
0 0.768955 0.5116512915129151 0.0394 0.05178044280442805
0 0.89288 0.6290036900369004 0.05674 0.06507380073800739
0 0.74742 0.47344095940959413 0.03603 0.04486162361623616
0 0.68144 0.6066789667896679 0.05199 0.062297047970479705
0 0.40757499999999997 0.7324446494464945 0.056909999999999995 0.07083025830258302
0 0.09557500000000001 0.4303321033210332 0.030100000000000002 0.03882841328413284
0 0.589865 0.6525645756457564 0.0533 0.06673431734317344
0 0.36971 0.8923154981549816 0.082285 0.060415129151291505
0 0.419045 0.6470387453874539 0.060055 0.09098708487084871
0 0.70772 0.44095018450184503 0.033045000000000005 0.031845018450184504
0 0.909715 0.9880258302583026 0.09198999999999999 0.02393911439114391
0 0.8736 0.42227859778597787 0.02939 0.04061808118081181
0 0.09572 0.4424907749077491 0.03193 0.03551660516605166
0 0.55692 0.491060885608856 0.03411 0.034022140221402215
0 0.9033049999999999 0.6797970479704797 0.062595 0.1532841328413284
0 0.28508999999999995 0.7446217712177121 0.068425 0.07932656826568266
0 0.293695 0.6684778597785977 0.05872 0.07742619926199262
0 0.67638 0.47403136531365314 0.03787 0.051623616236162365
0 0.649525 0.5549723247232473 0.041345 0.05618081180811808
0 0.26436000000000004 0.5358763837638376 0.043755 0.04901291512915129
0 0.34003 0.5882564575645756 0.04995 0.05936346863468634
0 0.095045 0.45190959409594095 0.030315 0.02392988929889299
0 0.31803 0.6322878228782287 0.04393 0.04070110701107011
0 0.6254 0.49741697416974173 0.03848 0.06115313653136532
0 0.223155 0.8575276752767527 0.07848999999999999 0.04901291512915129
0 0.561345 0.4537084870848708 0.040315 0.04083948339483395
0 0.281145 0.4999446494464945 0.044555 0.0406549815498155
0 0.5902050000000001 0.626079335793358 0.049479999999999996 0.060811808118081186
0 0.69656 0.4093081180811808 0.027030000000000002 0.019621771217712178
0 0.70201 0.41892988929889297 0.038520000000000006 0.047186346863468634