0 0.06728666666666668 0.862640536358948 0.11717666666666665 0.14253223310985044
0 0.7180733333333332 0.8619030428055698 0.11852666666666666 0.138308406395049
0 0.2146033333333333 0.912784940691078 0.13436333333333333 0.17443011861784427
0 0.9419733333333333 0.9035843218153687 0.11605333333333334 0.17551830840639504
0 0.43707 0.9331150077359464 0.1051 0.13376998452810726
0 0.14503666666666667 0.7295203713254255 0.09008000000000001 0.10113460546673543
0 0.45389666666666667 0.8153996905621455 0.09092 0.12493553378029912
0 0.8638166666666666 0.8202475502836514 0.10687666666666666 0.138602372356885
0 0.8172366666666667 0.5744404332129963 0.06456 0.07570912841670965
0 0.028633333333333334 0.7145693656523981 0.05495666666666667 0.0941464672511604
0 0.97035 0.7554564208354821 0.05744 0.12144920061887571
0 0.4540166666666666 0.6990252707581228 0.07701666666666666 0.09145435791645179
0 0.25744 0.823893759669933 0.09971333333333333 0.1338525012893244
0 0.8509200000000001 0.6257761732851986 0.06533 0.07525528623001547
0 0.8027133333333333 0.7379525528623002 0.08451666666666667 0.0903455389375967
0 0.27495 0.7539608045384218 0.09939 0.1421248066013409
0 0.7751266666666667 0.6911242908715832 0.08549333333333334 0.09864878803506963
0 0.6275866666666666 0.6667044868488912 0.072 0.08841670964414647
0 0.7685433333333334 0.9869623517276948 0.12202999999999999 0.026075296544610625
0 0.20046666666666665 0.6513357400722022 0.07186333333333333 0.08240845796802475
0 0.4587033333333333 0.6260082516761217 0.07623666666666667 0.07742135121196493
0 0.92897 0.5411088189788551 0.09009666666666667 0.06414130995358433
0 0.9809200000000001 0.560443527591542 0.03421333333333333 0.06048994326972667
0 0.61089 0.590211449200619 0.05909333333333333 0.0632645693656524
0 0.33075666666666664 0.6724084579680247 0.06849 0.0876328004125838
0 0.03692 0.4703816400206292 0.051149999999999994 0.04766374419804023
0 0.7400366666666667 0.6134605466735431 0.06803333333333333 0.06902527075812274
0 0.9836166666666666 0.6453120165033522 0.03172 0.07629190304280557
0 0.02368666666666667 0.6048994326972666 0.042673333333333334 0.08469314079422383
0 0.8295166666666667 0.4172202166064982 0.031043333333333333 0.034615781330582775
0 0.70335 0.5598710675605982 0.05756 0.06965961835997937
0 0.8170333333333333 0.7842238267148014 0.06636333333333333 0.09808664259927798
0 0.3310533333333333 0.591397627643115 0.07564 0.08128932439401754
0 0.9334899999999999 0.594785972150593 0.06408 0.06375966993295513
0 0.021626666666666666 0.9771944301186178 0.03789 0.04403300670448684
0 0.6866733333333334 0.512501289324394 0.04948333333333333 0.041299638989169676
0 0.7240033333333334 0.6024548736462094 0.09755666666666667 0.10452810727178959
0 0.86795 0.46420835482207323 0.03734333333333333 0.04888602372356885
0 0.8442233333333333 0.4319804022692109 0.04895666666666667 0.027426508509541002
0 0.79085 0.7152862300154719 0.09871333333333333 0.09125322331098504
0 0.5968366666666667 0.5197524497163486 0.051576666666666666 0.03757091284167096
0 0.8380933333333334 0.42369778236204225 0.03783666666666667 0.03703455389375967
0 0.95795 0.5218514698298092 0.04668666666666667 0.04088705518308407
0 0.27364 0.7258947911294482 0.08603 0.08061887570912842
0 0.5816533333333334 0.44397627643115006 0.03761333333333333 0.03207323362558019
0 0.9456066666666667 0.5208148530170191 0.07194333333333333 0.05926250644662197
0 0.5829366666666667 0.4550799381124291 0.039933333333333335 0.03548736462093863
0 0.27855 0.8544352759154203 0.052706666666666666 0.0865291387313048
0 0.7375766666666667 0.49525012893243936 0.02529333333333333 0.04146467251160392
0 0.3829866666666667 0.5097163486333162 0.059353333333333334 0.0536616812790098
0 0.2920466666666667 0.7816554925219186 0.06607333333333333 0.09606498194945849
0 0.25578 0.7938886023723568 0.09743333333333334 0.06340381640020629
0 0.8418733333333333 0.3278906652913873 0.029463333333333334 0.01585869004641568
0 0.8076266666666667 0.32799896854048477 0.02936 0.014559051057246003
0 0.8314933333333333 0.328896338318721 0.021916666666666668 0.01403300670448685
0 0.8518 0.49382155750386797 0.030033333333333332 0.04263022176379577
0 0.6939766666666666 0.5246106240330067 0.057330000000000006 0.0598452810727179
0 0.27558333333333335 0.5539711191335741 0.05382666666666666 0.06924187725631768
0 0.6200033333333334 0.3579731820526044 0.02165333333333333 0.02486333161423414
0 0.22130999999999998 0.3925992779783393 0.03166666666666667 0.02885507993811243
0 0.19478 0.5666425992779783 0.05724 0.06981433728726148
0 0.9559566666666667 0.5094326972666323 0.045406666666666665 0.0403455389375967
0 0.4711233333333333 0.5142135121196493 0.053219999999999996 0.07125322331098505