0 0.12166666666666667 0.38926449787835926 0.24333333333333335 0.6451626591230551
0 0.18664999999999998 0.8647241867043848 0.37329166666666663 0.27055162659123055
0 0.34508333333333335 0.36381895332390385 0.14644166666666666 0.5902404526166902
0 0.5856833333333333 0.29724186704384725 0.12525 0.5823479490806224
0 0.45353333333333334 0.3024186704384724 0.09428333333333333 0.5644271570014144
0 0.6952499999999999 0.22407355021216405 0.04914166666666667 0.4481612446958982
0 0.6546916666666667 0.1411032531824611 0.0466 0.24179632248939179
0 0.8109166666666667 0.3124045261669024 0.11662499999999999 0.5116548797736916
0 0.947875 0.24495049504950497 0.09248333333333333 0.4818104667609618
0 0.8318083333333333 0.08275813295615275 0.04369166666666666 0.15100424328147102
0 0.40195 0.1495898161244696 0.047891666666666666 0.28908062234794907
0 0.35079166666666667 0.10004243281471005 0.06306666666666667 0.1773833097595474
0 0.31829999999999997 0.07544554455445546 0.04565 0.1104950495049505
0 0.2699083333333333 0.06325318246110326 0.035124999999999997 0.1063083451202263
0 0.48900833333333327 0.20186704384724186 0.06431666666666667 0.25482319660537484