0 0.2423 0.77355 0.10954444444444444 0.33276666666666666
0 0.3712 0.8044 0.17215555555555556 0.35656666666666664
0 0.6792888888888889 0.7921666666666667 0.06163333333333333 0.37961666666666666
0 0.7799777777777778 0.7771333333333333 0.14048888888888889 0.4457333333333333
0 0.11342222222222222 0.7419333333333333 0.046266666666666664 0.27545000000000003
0 0.05793333333333334 0.7269 0.04037777777777778 0.23381666666666664
0 0.1596 0.70635 0.04281111111111111 0.21031666666666665
0 0.0225 0.5992500000000001 0.02081111111111111 0.04011666666666667
0 0.05052222222222222 0.60275 0.020666666666666667 0.04416666666666667
0 0.08357777777777778 0.6011000000000001 0.027633333333333336 0.026216666666666666
0 0.6316444444444445 0.6718500000000001 0.04413333333333333 0.13478333333333334
0 0.5789444444444444 0.6582833333333333 0.05352222222222222 0.10946666666666668
0 0.5048444444444444 0.6749333333333333 0.048188888888888885 0.1446
0 0.4719333333333333 0.6462666666666667 0.032 0.13305
0 0.43395555555555554 0.6086333333333334 0.017555555555555557 0.05411666666666667
0 0.9380333333333334 0.5959833333333333 0.03168888888888889 0.07276666666666666
0 0.8763222222222223 0.6756166666666666 0.045311111111111115 0.17861666666666667
0 0.28202222222222223 0.6192166666666666 0.02042222222222222 0.05798333333333333
0 0.2472888888888889 0.61135 0.037399999999999996 0.05773333333333333