0 0.7310546875 0.67140625 0.209482421875 0.21421875
0 0.356689453125 0.6333333333333333 0.201201171875 0.2588802083333333
0 0.908046875 0.8136588541666666 0.18390625 0.25928385416666666
0 0.665478515625 0.5526432291666666 0.19423828125 0.23083333333333333
0 0.571015625 0.4552083333333334 0.168076171875 0.221640625
0 0.6830078125 0.3182552083333333 0.1584375 0.18540364583333332
0 0.49251953125 0.3942578125 0.132587890625 0.15334635416666667
0 0.295625 0.2235546875 0.154111328125 0.1696484375
0 0.173623046875 0.3951822916666667 0.145400390625 0.16200520833333334
0 0.94689453125 0.5666145833333334 0.1062109375 0.17121093750000002
0 0.922080078125 0.20944010416666667 0.13181640625 0.1093359375
0 0.915283203125 0.48132812500000005 0.163251953125 0.17673177083333333
0 0.445634765625 0.3184635416666667 0.14861328125 0.14752604166666666
0 0.456396484375 0.7951302083333333 0.224345703125 0.2334635416666667
0 0.520673828125 0.2059375 0.159794921875 0.1658984375
0 0.2101953125 0.0901953125 0.115234375 0.105390625
0 0.369248046875 0.1410546875 0.1312109375 0.12826822916666666
0 0.153125 0.15826822916666666 0.126376953125 0.12442708333333334
0 0.591123046875 0.9340755208333333 0.295634765625 0.13186197916666667
0 0.5516796875 0.09145833333333332 0.115595703125 0.0812890625
0 0.040009765625 0.19227864583333332 0.080009765625 0.157109375
0 0.123095703125 0.3346484375 0.128359375 0.1453515625
0 0.102763671875 0.06846354166666667 0.10166015625 0.08861979166666667
0 0.277236328125 0.5451302083333334 0.16603515625 0.18376302083333332
0 0.80580078125 0.1588671875 0.158134765625 0.135234375
0 0.671953125 0.1228515625 0.128642578125 0.10837239583333334
0 0.253837890625 0.4614583333333333 0.1801953125 0.18243489583333336
0 0.930390625 0.128515625 0.11126953125 0.09059895833333333
0 0.802626953125 0.06545572916666667 0.146923828125 0.09587239583333333
0 0.460986328125 0.043645833333333335 0.105556640625 0.08730468749999999
0 0.979169921875 0.25298177083333334 0.041669921875 0.11912760416666666
0 0.0387109375 0.09014322916666667 0.077431640625 0.09115885416666668
0 0.103935546875 0.265703125 0.14857421875 0.16118489583333334
0 0.959609375 0.06830729166666667 0.078701171875 0.1162890625
0 0.04443359375 0.9235677083333332 0.0888671875 0.11813802083333334
0 0.314736328125 0.022838541666666667 0.0765234375 0.04569010416666667
0 0.07048828125 0.9271614583333333 0.1409765625 0.1456640625
0 0.776640625 0.015533854166666666 0.086865234375 0.029479166666666667
0 0.245439453125 0.007526041666666667 0.048173828125 0.015065104166666668
0 0.392216796875 0.0300390625 0.06033203125 0.06009114583333333
0 0.3585546875 0.019375 0.034345703125 0.03338541666666667
0 0.522470703125 0.027734375000000002 0.039375 0.05516927083333333
0 0.784150390625 0.0244921875 0.1152734375 0.048984375
0 0.37220703125 0.021653645833333332 0.059072265625 0.043307291666666664
0 0.971474609375 0.09131510416666666 0.05630859375 0.07055989583333333
0 0.252421875 0.015520833333333333 0.070322265625 0.029544270833333334