0 0.8271666666666667 0.9274962962962963 0.17427499999999999 0.1449925925925926
0 0.0902 0.2207703703703704 0.08793333333333334 0.11804444444444445
0 0.7883666666666667 0.7988296296296297 0.14781666666666665 0.2428
0 0.33925833333333333 0.3732148148148148 0.11095833333333334 0.1814814814814815
0 0.7341333333333334 0.5168888888888888 0.12836666666666666 0.19543703703703702
0 0.228 0.8038814814814815 0.17110833333333333 0.38537777777777776
0 0.76545 0.667511111111111 0.12896666666666665 0.18025185185185186
0 0.28581666666666666 0.5678518518518518 0.13674166666666668 0.25594074074074075
0 0.6960166666666667 0.34659259259259256 0.09120833333333334 0.12734814814814813
0 0.7295083333333333 0.40842962962962964 0.10604166666666667 0.10973333333333332
0 0.3842333333333333 0.24231111111111112 0.08025833333333333 0.12265185185185186
0 0.5119416666666667 0.8668888888888888 0.18708333333333332 0.2576740740740741
0 0.5143666666666666 0.6151703703703704 0.11004166666666668 0.08942222222222222
0 0.5199666666666667 0.7324 0.14170833333333335 0.14056296296296295
0 0.17606666666666668 0.14896296296296296 0.06542500000000001 0.08291851851851852
0 0.03768333333333333 0.14666666666666667 0.06419166666666666 0.0762074074074074
0 0.018425 0.18303703703703703 0.03549166666666667 0.11616296296296295
0 0.6910333333333334 0.275037037037037 0.088375 0.08551111111111111
0 0.681075 0.23798518518518516 0.08915833333333333 0.09660740740740739
0 0.50605 0.5019111111111112 0.11114166666666667 0.1584148148148148
0 0.3958 0.19023703703703704 0.07531666666666666 0.08660740740740741
0 0.540775 0.45682962962962964 0.09243333333333334 0.11306666666666666
0 0.35457500000000003 0.2866074074074074 0.0872 0.0810962962962963
0 0.10333333333333333 0.1212 0.04745 0.06847407407407408
0 0.06305833333333334 0.11868148148148149 0.049341666666666666 0.06914074074074074
0 0.262175 0.11165925925925926 0.038066666666666665 0.08202962962962962
0 0.673425 0.16564444444444446 0.07957499999999999 0.06746666666666666
0 0.17261666666666667 0.11613333333333334 0.058166666666666665 0.040637037037037034
0 0.5151583333333334 0.9288148148148149 0.20885833333333334 0.14237037037037037
0 0.50615 0.8226666666666665 0.15199166666666666 0.15262222222222221
0 0.6819 0.1848 0.06822500000000001 0.07531851851851852
0 0.1968916666666667 0.1338814814814815 0.09373333333333334 0.09242962962962963
0 0.015425000000000001 0.1150962962962963 0.02985 0.0450962962962963
0 0.683925 0.16543703703703705 0.05491666666666667 0.04237037037037037
0 0.50305 0.7996444444444444 0.11258333333333333 0.08604444444444444
0 0.1756 0.10549629629629628 0.04576666666666667 0.036059259259259256
0 0.5168666666666667 0.662637037037037 0.14025833333333335 0.18705185185185186
0 0.6238666666666667 0.33365925925925927 0.059491666666666665 0.15908148148148146
0 0.7707583333333333 0.6136296296296296 0.07325000000000001 0.06334814814814814
0 0.5465 0.039155555555555555 0.0443 0.028874074074074073
0 0.01645 0.1345185185185185 0.03238333333333333 0.08093333333333334
0 0.29645 0.4901185185185185 0.10533333333333333 0.10460740740740741
0 0.011916666666666667 0.10804444444444446 0.023825 0.02736296296296296
0 0.22174166666666664 0.1140148148148148 0.064425 0.11180740740740741
0 0.7612583333333334 0.38223703703703704 0.114425 0.08776296296296296