0 0.761474609375 0.8639374999999999 0.12609375 0.135609375
0 0.803720703125 0.9429375 0.134853515625 0.114125
0 0.641455078125 0.95140625 0.120556640625 0.09718750000000001
0 0.1167578125 0.793890625 0.11138671875 0.133171875
0 0.08724609375 0.6486562499999999 0.090146484375 0.12332812500000001
0 0.0275 0.7338281249999999 0.0525 0.16546875
0 0.56916015625 0.8281875 0.1079296875 0.12698437499999998
0 0.193857421875 0.881109375 0.125283203125 0.157671875
0 0.237119140625 0.8169375000000001 0.096484375 0.133671875
0 0.45 0.949984375 0.137265625 0.098265625
0 0.71265625 0.7834531250000001 0.092978515625 0.12889062499999998
0 0.21943359375 0.97465625 0.119140625 0.050671875
0 0.218935546875 0.513671875 0.071103515625 0.09276562499999999
0 0.409287109375 0.8891875 0.125400390625 0.135140625
0 0.551884765625 0.7314375 0.094970703125 0.125453125
0 0.286259765625 0.59140625 0.06814453125 0.097765625
0 0.224345703125 0.73703125 0.09376953125 0.095078125
0 0.39466796875 0.805703125 0.107705078125 0.10024999999999999
0 0.22099609375 0.6515 0.08998046875 0.088984375
0 0.7049609375 0.70375 0.09328125 0.081078125
0 0.68171875 0.662546875 0.088759765625 0.09148437499999999
0 0.313544921875 0.530484375 0.07005859375 0.091125
0 0.266826171875 0.466140625 0.056533203125 0.07021875
0 0.38369140625 0.7272968750000001 0.10466796875 0.12162500000000001
0 0.22939453125 0.686515625 0.092568359375 0.061281249999999995
0 0.233369140625 0.25921875 0.048349609375 0.035546875
0 0.93376953125 0.28003125 0.0501171875 0.032015625
0 0.294345703125 0.795703125 0.048125 0.06999999999999999
0 0.43068359375 0.565875 0.073583984375 0.09625
0 0.381728515625 0.627765625 0.081826171875 0.078
0 0.851953125 0.25834375 0.02708984375 0.043421875
0 0.53251953125 0.6765625 0.078994140625 0.07396875
0 0.667626953125 0.622484375 0.082978515625 0.08996875
0 0.150869140625 0.23321874999999997 0.026162109375 0.018578125
0 0.819521484375 0.06353125 0.0239453125 0.020703125
0 0.533564453125 0.593546875 0.077373046875 0.083625
0 0.384697265625 0.688953125 0.097421875 0.11767187500000001
0 0.3537890625 0.44915625 0.05130859375 0.06278125
0 0.205771484375 0.9571249999999999 0.131640625 0.08575
0 0.668271484375 0.570234375 0.0666796875 0.0599375
0 0.539091796875 0.042625 0.05724609375 0.02303125
0 0.330205078125 0.483375 0.0605078125 0.0676875
0 0.669599609375 0.50475 0.075908203125 0.08540624999999999
0 0.394052734375 0.653796875 0.0804296875 0.059812500000000005
0 0.14318359375 0.260859375 0.021025390625 0.015609375
0 0.39509765625 0.68028125 0.0780078125 0.064640625
0 0.655693359375 0.05340625 0.04208984375 0.01821875
0 0.149345703125 0.242421875 0.02759765625 0.028390625000000003
0 0.876572265625 0.24729687500000003 0.035166015625 0.040749999999999995
0 0.38328125 0.308859375 0.0373828125 0.050078124999999994
0 0.1992578125 0.259234375 0.02876953125 0.027203125
0 0.1782421875 0.24890625000000002 0.02765625 0.025031249999999998
0 0.340478515625 0.46595312499999997 0.065615234375 0.074796875
0 0.115888671875 0.74815625 0.123603515625 0.10071875
0 0.6669140625 0.39714062499999997 0.058583984375 0.05240625
0 0.820966796875 0.051453125 0.025576171875 0.019640625000000002
0 0.385732421875 0.41048437499999996 0.0711328125 0.085984375
0 0.645263671875 0.052609375 0.02392578125 0.011765625
0 0.6694140625 0.062343749999999996 0.0652734375 0.029343750000000002
0 0.6009765625 0.04825 0.0288671875 0.01509375
0 0.8396875 0.225203125 0.0248828125 0.035328125
0 0.307119140625 0.2569375 0.035546875 0.0290625
0 0.65908203125 0.44384375 0.052939453125 0.037015625
0 0.214267578125 0.24131249999999999 0.02912109375 0.015234375
0 0.344248046875 0.29431250000000003 0.036357421875 0.032671875
0 0.6478125 0.36825 0.044248046875 0.03828125
0 0.683408203125 0.0565625 0.03732421875 0.020125
0 0.818427734375 0.05575 0.03546875 0.024234375
0 0.70810546875 0.7343124999999999 0.10373046875 0.099953125
0 0.830361328125 0.04853125 0.040048828125 0.02328125
0 0.844169921875 0.24265625000000002 0.034619140625 0.061421875
0 0.5691796875 0.38610937500000003 0.04671875 0.027687499999999997
0 0.3098046875 0.29098437499999996 0.03974609375 0.03209375
0 0.978642578125 0.27234375 0.036240234375 0.046625