0 0.9050361663652803 0.6369710669077758 0.14316154309825196 0.13819168173598553
0 0.08858649789029537 0.6734041591320072 0.1494695599758891 0.14316455696202532
0 0.6314466546112115 0.7048598553345389 0.1296323086196504 0.156500904159132
0 0.2542043399638336 0.7433634719710669 0.13894816154309825 0.18400994575045207
0 0.11786618444846292 0.45691681735985534 0.08848101265822785 0.08558318264014467
0 0.7504761904761904 0.9408499095840868 0.17039180229053646 0.1183001808318264
0 0.19887582881253768 0.5115777576853526 0.09760397830018083 0.0952983725135624
0 0.8406811332127788 0.4185849909584087 0.07922242314647378 0.07430379746835444
0 0.9407534659433394 0.4126898734177215 0.09181735985533453 0.0683001808318264
0 0.9642405063291138 0.553128390596745 0.069957805907173 0.10797016274864377
0 0.5821127185051236 0.5221925858951175 0.08761904761904762 0.10348553345388788
0 0.7613261000602772 0.446622965641953 0.07192887281494877 0.07304701627486439
0 0.311829415310428 0.5474095840867992 0.09069318866787222 0.12213381555153709
0 0.7595810729355033 0.3335081374321881 0.06594936708860759 0.06909584086799277
0 0.5327275467148884 0.4169439421338155 0.0634207353827607 0.06971971066907776
0 0.6906208559373116 0.36029385171790235 0.06088607594936709 0.058734177215189864
0 0.73416515973478 0.25337703435804704 0.03822182037371911 0.03833634719710669
0 0.2928601567209162 0.3643580470162749 0.06091922845087402 0.058467450271247744
0 0.10531645569620253 0.27030741410488246 0.05981916817359855 0.06294303797468354
0 0.3625316455696203 0.44170886075949367 0.06312236286919831 0.07483273056057867
0 0.6474894514767933 0.3003164556962025 0.05006931886678722 0.05800180831826402
0 0.6260488245931284 0.2578390596745027 0.03238396624472574 0.03747739602169982
0 0.39687160940325494 0.32899186256781193 0.042136829415310426 0.05592224231464738
0 0.33121458710066304 0.28903254972875225 0.04276974080771549 0.05355786618444846
0 0.3542163954189271 0.25309674502712476 0.03752561784207354 0.04062386980108499
0 0.6775105485232068 0.19571880650994575 0.033887884267631105 0.036514466546112116
0 0.5165099457504521 0.3550678119349005 0.04567209162145871 0.05729656419529837
0 0.5704400241109102 0.18131555153707052 0.021772151898734177 0.025745931283905968
0 0.6431977094635323 0.1616726943942134 0.02432489451476793 0.021894213381555155
0 0.3830771549125979 0.19583634719710669 0.02701627486437613 0.02645117540687161
0 0.2711663652802893 0.2606012658227848 0.045485232067510546 0.03953435804701628
0 0.3140295358649789 0.12078209764918627 0.019370102471368292 0.02192133815551537
0 0.5514918625678119 0.1585895117540687 0.018595539481615433 0.022151898734177215
0 0.4940114526823388 0.3184674502712478 0.04168474984930681 0.052653707052441226
0 0.7078722121760096 0.2816139240506329 0.03849005424954792 0.037174502712477395
0 0.3986226642555757 0.16744575045207957 0.02149487643158529 0.023178119349005426
0 0.6800421940928271 0.25392857142857145 0.031714888487040384 0.04121609403254973
0 0.01767631103074141 0.3611618444846293 0.03225437010247137 0.08089059674502713
0 0.2552169981916817 0.2975768535262206 0.04852923447860157 0.053268535262206144
0 0.3038095238095238 0.22528481012658227 0.03460216998191682 0.03728300180831826
0 0.4159795057263412 0.2728616636528029 0.03590415913200723 0.04379294755877035
0 0.3681946955997589 0.37617992766726943 0.05664255575647981 0.07354882459312839
0 0.6090687160940326 0.18350813743218808 0.020021097046413503 0.023132911392405062
0 0.4157383966244726 0.13948915009041593 0.01689873417721519 0.018788426763110308
0 0.21711874623267027 0.13793399638336348 0.032094635322483425 0.028200723327305607
0 0.06425256178420735 0.21649638336347196 0.05117239300783604 0.041537070524412294
0 0.06405364677516576 0.25648734177215193 0.05150693188667872 0.047698915009041595
0 0.6302893309222424 0.1933137432188065 0.022706449668474987 0.02504520795660036
0 0.586871609403255 0.21311482820976493 0.026642555756479808 0.026419529837251356
0 0.19268233875828814 0.2161121157323689 0.04566305003013864 0.04753164556962025
0 0.5935714285714285 0.1644755877034358 0.013679927667269439 0.01931735985533454
0 0.3782429174201326 0.14204792043399636 0.019264617239300785 0.024394213381555153
0 0.7178450874020494 0.26663652802893306 0.06279385171790235 0.06664556962025316
0 0.19360759493670884 0.1567992766726944 0.028339361060880048 0.024113924050632913
0 0.4417751657625075 0.15447106690777576 0.02733574442435202 0.024249547920433996
0 0.651500904159132 0.22078209764918627 0.044454490657022304 0.04954792043399638
0 0.4885352622061483 0.2773282097649186 0.03532851115129596 0.04106690777576854
0 0.2909704641350211 0.11990054249547921 0.031133212778782397 0.024570524412296565
0 0.06551838456901747 0.24287974683544303 0.056962025316455694 0.09221518987341772
0 0.5764285714285714 0.18202079566003618 0.03317359855334539 0.03455244122965642
0 0.42265521398432787 0.2281509945750452 0.030952380952380953 0.03943037974683544
0 0.6419831223628691 0.2439783001808318 0.057163954189270644 0.07160940325497288
0 0.5772061482820977 0.1506735985533454 0.018158529234478603 0.017215189873417722
0 0.40010849909584084 0.158250452079566 0.02170584689572031 0.01788878842676311
0 0.48779987944544906 0.26827305605786617 0.02701326100060277 0.028273056057866185
0 0.3602079566003617 0.16051989150090415 0.019810126582278483 0.018788426763110308
0 0.3942646172393008 0.17466998191681737 0.018300180831826402 0.01823236889692586
0 0.10194394213381555 0.20689421338155514 0.04173598553345388 0.036690777576853524
0 0.6195629897528632 0.18845388788426765 0.03542194092827004 0.033318264014466546
0 0.3542646172393008 0.16768083182640145 0.029044605183845693 0.028354430379746835
0 0.08158529234478601 0.2098010849909584 0.07920433996383364 0.04592676311030742
0 0.6050210970464135 0.17384267631103076 0.02667269439421338 0.03209312839059674
0 0.5358740204942737 0.1400497287522604 0.019686558167570825 0.021528028933092223
0 0.42861663652802895 0.19272151898734177 0.025331525015069318 0.02858499095840868
0 0.3266094032549729 0.27757685352622063 0.03334840265220012 0.037784810126582274
0 0.16580470162748642 0.16656871609403254 0.02947860156720916 0.027576853526220614
0 0.35212176009644364 0.17809222423146473 0.02823387582881254 0.031252260397830016
0 0.6452471368294153 0.21090415913200722 0.0458499095840868 0.03585443037974684
0 0.4423236889692586 0.21443037974683543 0.02032248342374925 0.022879746835443037
0 0.14062085593731163 0.1866636528028933 0.03137432188065099 0.02458860759493671
0 0.283456901748041 0.12376582278481012 0.023673899939722725 0.024828209764918625