0 0.31457999999999997 0.76178 0.28052 0.47645
0 0.5450900000000001 0.7027 0.19712000000000002 0.57778
0 0.84649 0.81598 0.27532 0.36455
0 0.16004 0.76279 0.23336 0.46776999999999996
0 0.40557 0.7546499999999999 0.11784 0.35151
0 0.40434 0.54702 0.05528 0.07745999999999999
0 0.66762 0.78473 0.12149 0.32111
0 0.3481 0.57866 0.07689 0.17622
0 0.07292 0.77451 0.14521 0.44137
0 0.72764 0.76844 0.11314 0.32267
0 0.37517 0.54073 0.10906 0.09670999999999999
0 0.92871 0.77937 0.14229 0.30592
0 0.45082 0.577 0.05754 0.09265000000000001
0 0.92269 0.87327 0.15461000000000003 0.25008
0 0.8154 0.5252100000000001 0.04168 0.06051
0 0.6639299999999999 0.6145700000000001 0.05989 0.059770000000000004
0 0.44475 0.52573 0.0429 0.06349
0 0.78067 0.72657 0.13341999999999998 0.20914
0 0.72868 0.63285 0.054060000000000004 0.06709