0 0.6388741044012282 0.37536363636363634 0.07026612077789152 0.11843636363636363
0 0.6927840327533266 0.44889090909090906 0.07470829068577277 0.18723636363636365
0 0.2915353121801433 0.8656909090909091 0.1803582395087001 0.2620909090909091
0 0.8249437052200614 0.6822363636363636 0.14783009211873083 0.2154909090909091
0 0.23032753326509725 0.6377636363636363 0.12517911975435006 0.16654545454545452
0 0.6097748208802457 0.44279999999999997 0.06465711361310134 0.11538181818181818
0 0.7149334698055272 0.8258727272727273 0.12898669396110543 0.20247272727272728
0 0.15708290685772774 0.8394 0.16570112589559877 0.2939272727272727
0 0.17074718526100308 0.5606 0.12706243602865916 0.16245454545454543
0 0.8443193449334698 0.5684363636363636 0.11536335721596724 0.17394545454545454
0 0.876171954964176 0.4659272727272727 0.08907881269191402 0.08925454545454546
0 0.5755680655066531 0.3490727272727273 0.049058341862845446 0.08010909090909091
0 0.4594472876151484 0.5903090909090909 0.07089048106448312 0.14656363636363637
0 0.9685875127942681 0.7065636363636364 0.06095189355168884 0.2534727272727273
0 0.24051177072671442 0.4292909090909091 0.07273285568065507 0.10796363636363637
0 0.11770726714431934 0.5187636363636363 0.09573183213920164 0.11645454545454545
0 0.07587512794268167 0.7388727272727272 0.14801432958034802 0.21303636363636363
0 0.5857420675537359 0.29176363636363634 0.04595701125895599 0.06365454545454545
0 0.29640736949846463 0.5044545454545455 0.07056294779938588 0.121
0 0.037523029682702144 0.777 0.07504605936540429 0.14850909090909092
0 0.8814841351074719 0.4056909090909091 0.08463664278403275 0.0788909090909091
0 0.07714431934493347 0.32136363636363635 0.04128966223132037 0.060254545454545456
0 0.8055066530194473 0.4395090909090909 0.06408393039918117 0.09554545454545454
0 0.11659160696008188 0.4222727272727273 0.07357215967246673 0.08696363636363635
0 0.7549948822927328 0.2510909090909091 0.03508700102354145 0.05316363636363636
0 0.03640736949846469 0.20050909090909091 0.0370317297850563 0.03225454545454545
0 0.37266120777891504 0.24056363636363637 0.025404298874104402 0.029854545454545457
0 0.18371545547594678 0.35294545454545456 0.07210849539406346 0.06936363636363636
0 0.7539099283520984 0.32374545454545456 0.042753326509723646 0.061927272727272734
0 0.3191402251791198 0.3764 0.041258955987717505 0.07750909090909092
0 0.3789457523029683 0.3905272727272727 0.04978505629477994 0.06314545454545455
0 0.983940634595701 0.9170727272727273 0.032128966223132036 0.16585454545454545
0 0.16971340839303992 0.4332 0.054554759467758444 0.08558181818181818
0 0.04064483111566018 0.6569090909090909 0.08128966223132036 0.13910909090909093
0 0.8040839303991812 0.3759272727272727 0.06401228249744115 0.08096363636363636
0 0.46492323439099287 0.22887272727272726 0.027400204708290684 0.03014545454545454
0 0.5238382804503583 0.15796363636363636 0.020429887410440124 0.024418181818181818
0 0.2909723643807574 0.3423818181818182 0.05573183213920164 0.060454545454545455
0 0.06976458546571136 0.9608545454545455 0.1343398157625384 0.07829090909090909
0 0.1375742067553736 0.16696363636363637 0.031013306038894576 0.016854545454545455
0 0.4234083930399181 0.20743636363636364 0.02308085977482088 0.02518181818181818
0 0.7387717502558854 0.25276363636363636 0.05762538382804503 0.05678181818181818
0 0.2543398157625384 0.3544727272727273 0.05174002047082907 0.045109090909090904
0 0.7282497441146366 0.2526181818181818 0.028096212896622313 0.05118181818181818
0 0.46481064483111567 0.26487272727272726 0.03241555783009212 0.04030909090909091
0 0.47899692937563976 0.16089090909090908 0.027789150460593652 0.023436363636363637
0 0.46306038894575235 0.3336545454545454 0.03789150460593654 0.0618
0 0.46503582395087 0.21683636363636363 0.02761514841351075 0.0372909090909091
0 0.5545547594677585 0.13274545454545456 0.020634595701125896 0.021490909090909092
0 0.21671443193449333 0.3788 0.12303991811668372 0.11803636363636363
0 0.9483520982599795 0.41 0.057093142272262025 0.07492727272727273
0 0.18994882292732856 0.15925454545454545 0.029150460593654042 0.02410909090909091
0 0.7586796315250768 0.36819999999999997 0.05057318321392016 0.0554
0 0.022671443193449332 0.19343636363636363 0.041432958034800405 0.04847272727272727
0 0.4549948822927328 0.15518181818181817 0.021453428863868987 0.025163636363636364
0 0.09821903787103377 0.1593272727272727 0.03401228249744114 0.021709090909090907
0 0.5522722620266122 0.1555090909090909 0.01886386898669396 0.023272727272727275
0 0.4361821903787103 0.18083636363636363 0.038290685772773794 0.03154545454545455
0 0.018014329580348005 0.1707818181818182 0.03291709314227226 0.02781818181818182
0 0.7820675537359264 0.34554545454545454 0.09033776867963153 0.10816363636363636
0 0.5709007164790174 0.15247272727272726 0.017185261003070624 0.02190909090909091
0 0.41041965199590585 0.24687272727272727 0.021637666325486183 0.024127272727272726
0 0.3833572159672467 0.24130909090909092 0.029836233367451382 0.035800000000000005
0 0.3111156601842374 0.14685454545454546 0.03904810644831116 0.028890909090909092
0 0.5679631525076765 0.13170909090909091 0.028638689866939612 0.02098181818181818
0 0.3879631525076766 0.24489090909090908 0.017615148413510747 0.035054545454545456
0 0.4588433981576254 0.4510545454545455 0.057338792221084955 0.11609090909090909
0 0.46080859774820876 0.3762181818181818 0.047103377686796316 0.06432727272727273
0 0.11402251791197544 0.20978181818181818 0.04797338792221085 0.053145454545454544
0 0.5391402251791197 0.2734181818181818 0.04 0.07132727272727273