0 0.472785 0.7148916666666667 0.130015 0.16840000000000002
0 0.734395 0.7770916666666666 0.154295 0.19258333333333333
0 0.254245 0.7817583333333333 0.139345 0.18288333333333334
0 0.07184499999999999 0.4954916666666667 0.09556999999999999 0.12277500000000001
0 0.04572 0.8715666666666667 0.087705 0.21617500000000003
0 0.04488 0.6208 0.08976 0.19098333333333334
0 0.608 0.5351 0.10195 0.15021666666666667
0 0.5064 0.3340666666666667 0.07213 0.094375
0 0.261535 0.9264833333333333 0.17281 0.14703333333333332
0 0.8010750000000001 0.4401333333333333 0.0973 0.11338333333333334
0 0.869325 0.49185 0.09205500000000001 0.12505
0 0.7550950000000001 0.37866666666666665 0.07970000000000001 0.09671666666666667
0 0.941255 0.5786583333333333 0.117485 0.17766666666666667
0 0.465105 0.26792499999999997 0.06797 0.07261666666666666
0 0.364285 0.33246666666666663 0.074505 0.09264166666666666
0 0.383595 0.433025 0.09015000000000001 0.1168
0 0.41347 0.44574166666666665 0.10226 0.083675
0 0.40966 0.18891666666666665 0.06409000000000001 0.06415
0 0.018115 0.32664166666666666 0.03319 0.109875
0 0.9262250000000001 0.394625 0.093015 0.10860833333333335
0 0.93653 0.5276666666666667 0.12480500000000001 0.13689166666666666
0 0.23727 0.36798333333333333 0.08452 0.09146666666666667
0 0.241395 0.48203333333333337 0.09866 0.053033333333333335
0 0.089265 0.42443333333333333 0.09325499999999999 0.08115833333333333
0 0.09089499999999999 0.37650833333333333 0.09439499999999999 0.11059166666666667
0 0.82682 0.3425916666666667 0.075265 0.09899166666666667
0 0.23545 0.455225 0.093375 0.10525833333333333
0 0.35448 0.24855 0.072105 0.10521666666666667
0 0.128115 0.27954999999999997 0.068735 0.10420833333333333
0 0.44651 0.218375 0.04690999999999999 0.05293333333333334
0 0.5905549999999999 0.20145833333333332 0.055729999999999995 0.08323333333333333
0 0.53577 0.16341666666666665 0.051705 0.06750833333333334
0 0.980355 0.6395500000000001 0.039295000000000004 0.20217500000000002
0 0.73272 0.2602416666666667 0.056375 0.06855
0 0.98003 0.45620000000000005 0.037985 0.11451666666666666
0 0.964505 0.31728333333333336 0.069875 0.07676666666666666
0 0.775415 0.28155833333333335 0.06305 0.07738333333333333
0 0.24211000000000002 0.2709916666666667 0.072675 0.07653333333333334
0 0.690305 0.21035833333333334 0.05509 0.06645
0 0.46105 0.24875 0.068725 0.047591666666666664
0 0.13825 0.2278416666666667 0.070835 0.08998333333333333
0 0.2344 0.43044166666666667 0.07916 0.07048333333333333
0 0.31548000000000004 0.13430833333333334 0.0496 0.05859166666666667
0 0.49972500000000003 0.12761666666666666 0.046085 0.05709166666666667
0 0.6424249999999999 0.18700833333333333 0.051935 0.060425000000000006
0 0.08991500000000001 0.35415833333333335 0.077465 0.06661666666666667
0 0.082845 0.12085000000000001 0.052365 0.06236666666666667
0 0.9313400000000001 0.23004166666666667 0.057235 0.06988333333333334
0 0.62162 0.24185833333333334 0.052505 0.07825833333333333
0 0.0632 0.05820833333333333 0.0344 0.0328
0 0.240695 0.23569166666666666 0.06425499999999999 0.07334166666666667
0 0.24047 0.21583333333333332 0.056960000000000004 0.05353333333333333
0 0.62388 0.2191833333333333 0.07791500000000001 0.10540833333333333
0 0.5702050000000001 0.1901 0.09798 0.09871666666666666
0 0.55677 0.05780833333333334 0.040530000000000004 0.04358333333333333
0 0.9333899999999999 0.17585833333333334 0.044635 0.0407
0 0.247075 0.33269166666666666 0.07971500000000001 0.06208333333333333
0 0.394515 0.13940833333333333 0.051365 0.04025
0 0.40169499999999997 0.15824166666666664 0.059315 0.05453333333333333
0 0.023129999999999998 0.21079166666666665 0.04416 0.03493333333333334
0 0.89864 0.2936416666666667 0.06605 0.0674