0 0.334796875 0.7664817001180638 0.145109375 0.16711924439197168
0 0.1293046875 0.93543093270366 0.1810625 0.12912632821723732
0 0.5730234375000001 0.8428335301062574 0.1369140625 0.1344746162927981
0 0.8779921875 0.6218890200708382 0.11199218749999999 0.13598583234946873
0 0.42602343749999994 0.6178512396694216 0.1129375 0.1365289256198347
0 0.50725 0.9222786304604486 0.1564609375 0.1477922077922078
0 0.6008046874999999 0.7328571428571429 0.119390625 0.14814639905548996
0 0.8621953124999999 0.8036481700118064 0.1429140625 0.13547815820543094
0 0.03253125 0.4183943329397875 0.0650625 0.11142857142857142
0 0.6862812500000001 0.5890318772136954 0.098109375 0.1231404958677686
0 0.47242968750000003 0.5541794569067297 0.1071484375 0.1284651711924439
0 0.29016406250000004 0.24442739079102715 0.0653046875 0.0719362455726092
0 0.8427265625 0.9627863046044864 0.1495625 0.07442739079102716
0 0.0317109375 0.33755608028335304 0.0621015625 0.07684769775678867
0 0.9084218749999999 0.528961038961039 0.0808984375 0.11561983471074382
0 0.261125 0.5553719008264463 0.11001562499999999 0.15714285714285714
0 0.335125 0.5144391971664699 0.084078125 0.1098465171192444
0 0.8504375 0.8811688311688312 0.14252343750000002 0.12661157024793387
0 0.5402890625000001 0.5160920897284533 0.083125 0.11852420306965762
0 0.1960546875 0.24543093270365998 0.061484375 0.06743801652892562
0 0.884453125 0.4794332939787485 0.08471875 0.11256198347107438
0 0.142375 0.27231404958677685 0.0488828125 0.07423848878394333
0 0.545546875 0.4325265643447462 0.0931484375 0.13654073199527747
0 0.3605390625 0.4719362455726092 0.0952734375 0.10351829988193625
0 0.480859375 0.9799291617473436 0.14161718750000002 0.04014167650531287
0 0.20390625 0.17932703659976384 0.0458125 0.052597402597402594
0 0.3797890625 0.43597402597402596 0.07828906249999999 0.08631641086186541
0 0.71559375 0.4508264462809918 0.07470312500000001 0.10454545454545454
0 0.10546875 0.3662809917355372 0.07728125 0.08914994096812279
0 0.693453125 0.49428571428571433 0.0890703125 0.09832349468713106
0 0.3611328125 0.19334120425029516 0.0512421875 0.06036599763872492
0 0.24140625 0.16199527744982292 0.0397578125 0.04730814639905549
0 0.8894375 0.4106847697756789 0.0823125 0.06402597402597403
0 0.48500781249999997 0.3396103896103896 0.064046875 0.07834710743801652
0 0.3092109375 0.1674616292798111 0.0486953125 0.05400236127508855
0 0.5432578125 0.23584415584415583 0.07671875 0.07608028335301062
0 0.46421093750000003 0.11342384887839432 0.0405546875 0.049822904368358914
0 0.575375 0.771310507674144 0.1092265625 0.04672963400236127