0 0.562107438016529 0.5229264705882353 0.061181818181818184 0.12148529411764705
0 0.12349586776859504 0.9368970588235295 0.1191818181818182 0.1262205882352941
0 0.5268181818181819 0.7615441176470589 0.0907190082644628 0.12663235294117647
0 0.18946280991735537 0.8740000000000001 0.10536363636363635 0.19063235294117648
0 0.6552644628099173 0.88825 0.11054545454545454 0.09620588235294118
0 0.0484297520661157 0.8484411764705884 0.09686776859504131 0.14258823529411763
0 0.24661983471074383 0.774720588235294 0.11458677685950414 0.22516176470588237
0 0.6228677685950413 0.9524117647058823 0.14427272727272727 0.09364705882352942
0 0.8624380165289256 0.9479558823529411 0.11123140495867768 0.0905735294117647
0 0.8542644628099174 0.875514705882353 0.1024793388429752 0.1083529411764706
0 0.6609586776859504 0.8271617647058824 0.09763636363636363 0.07638235294117647
0 0.04996694214876033 0.9754411764705881 0.09618181818181817 0.04910294117647059
0 0.3132644628099174 0.7221176470588235 0.07337190082644628 0.14332352941176468
0 0.3658264462809917 0.6150588235294118 0.08714049586776859 0.1277205882352941
0 0.845512396694215 0.8174264705882354 0.10660330578512398 0.07967647058823529
0 0.8715123966942149 0.9729558823529412 0.11536363636363636 0.05407352941176471
0 0.8326115702479339 0.6698382352941177 0.07747933884297521 0.08094117647058824
0 0.5631404958677686 0.6408088235294118 0.0730909090909091 0.09272058823529411
0 0.8557190082644629 0.7686911764705883 0.08103305785123967 0.06747058823529412
0 0.6937190082644628 0.7776764705882354 0.0855206611570248 0.09695588235294118
0 0.9616942148760331 0.6464852941176471 0.07593388429752065 0.10360294117647059
0 0.6880826446280992 0.6442794117647059 0.07836363636363636 0.07163235294117647
0 0.17979338842975207 0.6706764705882353 0.07951239669421487 0.08023529411764706
0 0.10150413223140495 0.777220588235294 0.09000000000000001 0.15282352941176472
0 0.5615619834710743 0.5781029411764707 0.060239669421487604 0.055
0 0.8525289256198346 0.7123676470588236 0.07920661157024794 0.08002941176470589
0 0.7035702479338843 0.6941029411764706 0.07813223140495869 0.06466176470588235
0 0.6951157024793388 0.6734558823529412 0.084900826446281 0.11526470588235294
0 0.04165289256198347 0.5724264705882353 0.07462809917355372 0.11091176470588235
0 0.9625785123966942 0.4960735294117647 0.062223140495867774 0.06170588235294118
0 0.694107438016529 0.7286617647058824 0.09247107438016529 0.11198529411764707
0 0.8311652892561984 0.6210735294117646 0.07978512396694215 0.06541176470588235
0 0.9446611570247934 0.5934705882352941 0.08126446280991735 0.06748529411764706
0 0.8114214876033058 0.5861617647058823 0.09460330578512396 0.11786764705882354
0 0.02894214876033058 0.7251029411764706 0.05788429752066116 0.13233823529411765
0 0.9839338842975206 0.7385588235294118 0.03212396694214876 0.11130882352941177
0 0.9763966942148761 0.6850294117647059 0.0471900826446281 0.10211764705882352
0 0.6877190082644628 0.5941470588235294 0.07428099173553719 0.058176470588235295
0 0.2549504132231405 0.6172647058823529 0.07159504132231405 0.08977941176470587
0 0.3159173553719008 0.6669117647058823 0.07650413223140495 0.06301470588235294
0 0.9763636363636364 0.46754411764705883 0.04352066115702479 0.03544117647058824
0 0.15138016528925619 0.5895735294117648 0.06978512396694214 0.0758235294117647
0 0.5625289256198347 0.6194705882352941 0.0645702479338843 0.056999999999999995
0 0.3958181818181818 0.5345 0.06313223140495867 0.0854264705882353
0 0.560611570247934 0.3790882352941176 0.03359504132231405 0.045588235294117645
0 0.9749008264462811 0.4809705882352941 0.0501900826446281 0.05967647058823529
0 0.09680165289256198 0.6742205882352942 0.08533884297520662 0.08577941176470588
0 0.6873140495867769 0.8121470588235294 0.10662809917355373 0.09914705882352941
0 0.6685950413223141 0.5440294117647059 0.07314049586776859 0.06323529411764706
0 0.07580165289256198 0.726235294117647 0.129 0.12785294117647059
0 0.6926115702479338 0.7477794117647059 0.07860330578512396 0.04261764705882353
0 0.9898181818181818 0.8155735294117648 0.02037190082644628 0.15125
0 0.9166859504132232 0.544514705882353 0.10884297520661156 0.1063235294117647
0 0.6813471074380165 0.7210882352941176 0.06826446280991735 0.04817647058823529
0 0.8399338842975207 0.37320588235294117 0.03640495867768595 0.02635294117647059