0 0.7572928571428572 0.6901397712833545 0.12069285714285714 0.16318932655654383
0 0.5588571428571428 0.7614612452350699 0.12217857142857144 0.19034307496823383
0 0.7982357142857143 0.8617789072426938 0.1432857142857143 0.24339263024142313
0 0.3531214285714286 0.9003303684879288 0.14379999999999998 0.19296060991105465
0 0.08272857142857143 0.9555400254129606 0.16024285714285716 0.08891994917407879
0 0.07567142857142857 0.7857560355781449 0.1440142857142857 0.24381194409148665
0 0.7278928571428571 0.564294790343075 0.11240000000000001 0.17055908513341803
0 0.34709285714285715 0.6223252858958068 0.11022857142857143 0.15870393900889454
0 0.0312 0.49576874205844984 0.0624 0.14523506988564167
0 0.9744714285714285 0.21958068614993648 0.05105714285714286 0.07377382465057179
0 0.5235785714285714 0.6201397712833545 0.11608571428571429 0.10773824650571792
0 0.5542714285714286 0.48367217280813213 0.10439999999999999 0.17127064803049555
0 0.13431428571428572 0.6665438373570521 0.11864285714285713 0.17060991105463788
0 0.7911928571428571 0.3968742058449809 0.08192142857142858 0.11218551461245235
0 0.18569285714285716 0.5173316391359594 0.10274285714285715 0.11659466327827192
0 0.3683857142857143 0.5257687420584498 0.10405714285714286 0.16827191867852606
0 0.28726428571428575 0.2627445997458704 0.06754285714285714 0.08369758576874206
0 0.2712857142857143 0.4316645489199492 0.08793571428571428 0.12644218551461245
0 0.7770142857142857 0.26806861499364676 0.07014999999999999 0.08269377382465057
0 0.6647285714285714 0.34867852604828464 0.07780000000000001 0.10523506988564167
0 0.6228571428571429 0.08428208386277002 0.027278571428571426 0.032820838627700126
0 0.16920714285714283 0.5652604828462516 0.10734285714285714 0.07611181702668361
0 0.6006 0.4255400254129606 0.07985714285714285 0.12301143583227446
0 0.21724285714285713 0.4538119440914866 0.09527857142857142 0.12438373570520966
0 0.3249285714285714 0.37066073697585766 0.08639999999999999 0.13167725540025413
0 0.8945428571428571 0.2193392630241423 0.05432142857142857 0.07212198221092757
0 0.08431428571428572 0.45031766200762385 0.09119285714285714 0.13717916137229985
0 0.5467785714285714 0.32848792884371025 0.0799 0.0953748411689962
0 0.8429071428571429 0.22349428208386277 0.06337142857142856 0.09449809402795427
0 0.44022857142857147 0.4854764930114358 0.09183571428571428 0.09260482846251587
0 0.4476785714285714 0.41604828462515886 0.10634999999999999 0.06947903430749683
0 0.6532857142857142 0.01899618805590851 0.026607142857142857 0.028170266836086408
0 0.3810142857142857 0.3296696315120711 0.08273571428571429 0.11773824650571792
0 0.05847142857142857 0.4768106734434562 0.10430714285714286 0.15889453621346886
0 0.15920714285714285 0.6266200762388818 0.12913571428571427 0.10623888182973316
0 0.6071142857142857 0.29481575603557814 0.06889999999999999 0.09238881829733163
0 0.8464357142857143 0.3481067344345616 0.07345 0.08367217280813213
0 0.7106785714285715 0.3170520965692503 0.06997857142857143 0.08372299872935197
0 0.036585714285714284 0.278005082592122 0.07317857142857143 0.05662007623888183
0 0.09132142857142857 0.37033036848792883 0.10165714285714285 0.13490470139771282
0 0.6580857142857143 0.06565438373570522 0.018592857142857144 0.027268106734434562
0 0.5216785714285714 0.6723379923761118 0.12144285714285714 0.17057179161372302
0 0.03560714285714286 0.31827191867852606 0.07121428571428572 0.13635324015247777
0 0.6690571428571428 0.23695044472681065 0.06239285714285714 0.07219822109275731
0 0.19750714285714285 0.6339135959339263 0.04905 0.09823379923761119
0 0.22974285714285714 0.30687420584498093 0.09768571428571428 0.12257941550190597
0 0.4964928571428572 0.7069885641677255 0.06161428571428572 0.10081321473951715
0 0.07965714285714286 0.33799237611181704 0.12675 0.11522236340533673
0 0.45965 0.3919186785260483 0.08469285714285714 0.10205844980940279
0 0.98575 0.13325285895806863 0.028499999999999998 0.041804320203303685
0 0.24615714285714285 0.2908005082592122 0.0674142857142857 0.08867852604828463
0 0.6099428571428571 0.21442185514612452 0.06076428571428571 0.07503176620076238
0 0.7291714285714286 0.2998856416772554 0.10340714285714286 0.11598475222363405
0 0.6381571428571429 0.33015247776365947 0.12059285714285715 0.1382337992376112
0 0.7199642857142857 0.21947903430749682 0.05209285714285715 0.07273189326556544
0 0.44520714285714286 0.2930495552731893 0.06200714285714286 0.07567979669631512
0 0.029635714285714286 0.4567090216010165 0.059278571428571424 0.07278271918678526
0 0.9487571428571429 0.19655654383735705 0.04312857142857143 0.07484116899618805
0 0.8303999999999999 0.15772554002541295 0.07800714285714286 0.04829733163913596
0 0.03005 0.3473443456162643 0.06002857142857143 0.08275730622617535
0 0.33212142857142857 0.27252858958068615 0.04404285714285714 0.06742058449809403
0 0.6163142857142857 0.38114358322744596 0.10921428571428572 0.12512071156289709
0 0.6370428571428571 0.22331639135959339 0.11794285714285714 0.0897712833545108
0 0.4606714285714286 0.36815756035578145 0.07662857142857143 0.06120711562897078
0 0.9497285714285714 0.17163913595933927 0.041357142857142856 0.034612452350698854
0 0.94265 0.20320203303684878 0.03647142857142857 0.04850063532401525
0 0.5974428571428572 0.06836086404066073 0.02277142857142857 0.019021601016518425
0 0.71155 0.15167725540025415 0.039535714285714285 0.0332274459974587
0 0.6210642857142857 0.054853875476493015 0.01817857142857143 0.020012706480304957
0 0.31535 0.2662642947903431 0.08459285714285715 0.0808005082592122
0 0.6533785714285715 0.06734434561626429 0.04088571428571429 0.03672172808132147
0 0.09575714285714286 0.3168106734434562 0.09087857142857143 0.08007623888182974
0 0.6439714285714285 0.19579415501905972 0.04504285714285714 0.0440279542566709
0 0.14579285714285714 0.7038500635324014 0.09169285714285715 0.09442185514612453
0 0.7978214285714286 0.053684879288437105 0.02387857142857143 0.03542566709021601
0 0.9855999999999999 0.1500254129606099 0.0288 0.05996188055908513
0 0.0822 0.47589580686149935 0.06962857142857143 0.09044472681067345
0 0.8487928571428571 0.3086149936467598 0.06356428571428571 0.04454891994917408