0 0.21506666666666668 0.8793428063943162 0.17121333333333333 0.17836589698046182
0 0.03966666666666667 0.7456660746003553 0.07932 0.14353463587921847
0 0.8190933333333335 0.7093783303730018 0.12866666666666668 0.15030195381882772
0 0.7329466666666667 0.9209769094138543 0.1630933333333333 0.1430373001776199
0 0.07105333333333333 0.5097513321492008 0.10552 0.08701598579040853
0 0.26681333333333335 0.5798934280639432 0.10786666666666668 0.10706927175843695
0 0.035813333333333336 0.6165364120781528 0.07164 0.10841918294849023
0 0.14630666666666667 0.654582593250444 0.1298 0.12522202486678508
0 0.5709333333333333 0.7707104795737123 0.13108 0.13564831261101243
0 0.7779466666666667 0.8542628774422735 0.14234666666666668 0.1504973357015986
0 0.6056 0.6895559502664299 0.1376 0.161651865008881
0 0.37821333333333335 0.9682770870337477 0.17241333333333334 0.0630550621669627
0 0.8607733333333334 0.6405683836589697 0.10079999999999999 0.10541740674955595
0 0.6629466666666667 0.642841918294849 0.09624 0.12273534635879217
0 0.9176799999999999 0.5123623445825932 0.09895999999999999 0.12808170515097692
0 0.40256000000000003 0.5093960923623446 0.09686666666666667 0.11285968028419183
0 0.3074 0.4798401420959147 0.09452 0.084404973357016
0 0.6022 0.5029662522202487 0.09256 0.1041918294849023
0 0.9797466666666665 0.9377797513321493 0.04050666666666666 0.1244582593250444
0 0.7181333333333334 0.615417406749556 0.08779999999999999 0.10165186500888099
0 0.5606933333333333 0.4103019538188277 0.07746666666666667 0.0772291296625222
0 0.28388 0.42964476021314385 0.06705333333333333 0.06714031971580817
0 0.8637466666666666 0.5802486678507993 0.10244 0.10010657193605683
0 0.2513066666666667 0.3951332149200711 0.06510666666666666 0.053730017761989345
0 0.2673333333333333 0.7114920071047958 0.07269333333333333 0.085595026642984
0 0.49094666666666664 0.5895737122557727 0.09436 0.0938721136767318
0 0.54888 0.562753108348135 0.08817333333333333 0.10298401420959147
0 0.28371999999999997 0.7263055062166963 0.10545333333333334 0.1380817051509769
0 0.9832399999999999 0.710461811722913 0.03352 0.1264120781527531
0 0.4472 0.4688632326820604 0.07780000000000001 0.08362344582593251
0 0.43929333333333337 0.39557726465364124 0.07730666666666666 0.06534635879218473
0 0.34069333333333335 0.4105861456483126 0.05324 0.059396092362344576
0 0.7658533333333333 0.5225399644760214 0.08878666666666667 0.09957371225577265
0 0.44511999999999996 0.428348134991119 0.08050666666666667 0.12468916518650089
0 0.9464133333333332 0.4514031971580817 0.08733333333333333 0.08586145648312611
0 0.7165199999999999 0.5543872113676732 0.09698666666666667 0.074955595026643
0 0.16222666666666666 0.47222024866785084 0.052546666666666665 0.07605683836589698
0 0.33477333333333337 0.2985257548845471 0.04787999999999999 0.04820603907637656
0 0.7248 0.23319715808170513 0.028373333333333334 0.017371225577264653
0 0.007853333333333334 0.37097690941385436 0.015719999999999998 0.07884547069271758
0 0.35542666666666667 0.17822380106571936 0.02128 0.02383658969804618
0 0.7351466666666667 0.2464476021314387 0.05148 0.032930728241563054
0 0.65264 0.48399644760213145 0.06725333333333333 0.09719360568383659
0 0.9854133333333333 0.26680284191829484 0.02552 0.037442273534635875
0 0.84768 0.41346358792184723 0.06198666666666667 0.0655772646536412
0 0.33130666666666664 0.3981172291296625 0.07466666666666667 0.08696269982238011
0 0.7076933333333333 0.33017761989342803 0.04577333333333333 0.05087033747779751
0 0.27325333333333335 0.70449378330373 0.05418666666666667 0.05234458259325044
0 0.54016 0.347797513321492 0.05353333333333333 0.04523978685612788