0 0.8388428571428572 0.86325 0.17302142857142858 0.13013571428571427
0 0.4285142857142857 0.8160285714285714 0.1442 0.12975
0 0.08015714285714286 0.9098428571428572 0.16030714285714287 0.17866428571428572
0 0.40358571428571427 0.9327285714285714 0.16897857142857142 0.13454285714285716
0 0.1248 0.8242857142857143 0.14919285714285715 0.14442857142857143
0 0.9500857142857142 0.7410785714285715 0.09983571428571429 0.09425714285714286
0 0.04316428571428572 0.6512214285714286 0.08632142857142856 0.08149999999999999
0 0.2357142857142857 0.6711214285714286 0.10765000000000001 0.09055714285714286
0 0.9686285714285714 0.5741428571428571 0.06035714285714286 0.07934285714285715
0 0.15429285714285715 0.7503214285714286 0.14245 0.13720000000000002
0 0.6970642857142857 0.6653714285714286 0.10991428571428571 0.09416428571428573
0 0.43060714285714285 0.6995214285714286 0.11882857142857144 0.09548571428571428
0 0.9702071428571428 0.7851642857142858 0.05855714285714286 0.10180714285714286
0 0.9208071428571429 0.6931857142857143 0.12664285714285714 0.11002857142857142
0 0.4378214285714286 0.6343142857142857 0.1175357142857143 0.10546428571428572
0 0.8582928571428571 0.6132785714285715 0.10092142857142856 0.07686428571428572
0 0.66955 0.5915714285714286 0.08625 0.06784285714285715
0 0.2352 0.6020571428571428 0.10982857142857143 0.11185714285714285
0 0.8110428571428572 0.5605357142857142 0.08700714285714285 0.0726
0 0.9102071428571429 0.9818142857142856 0.17434285714285716 0.034185714285714285
0 0.0364 0.5637857142857142 0.07247142857142856 0.07601428571428571
0 0.6537785714285714 0.5448928571428572 0.08607142857142858 0.08433571428571428
0 0.8841714285714285 0.66695 0.08980714285714286 0.08087142857142857
0 0.6288642857142857 0.45485 0.06439285714285714 0.04282142857142857
0 0.15115714285714285 0.5575357142857142 0.08015714285714286 0.06522857142857143
0 0.45452857142857145 0.5139357142857143 0.08332142857142857 0.0725
0 0.30024285714285714 0.5734214285714285 0.06943571428571428 0.06987142857142857
0 0.79425 0.5173071428571429 0.0691 0.04253571428571428
0 0.005757142857142857 0.7372857142857143 0.011507142857142856 0.07883571428571429
0 0.9879142857142856 0.8369285714285715 0.024171428571428573 0.10645
0 0.1991642857142857 0.5062857142857142 0.0778857142857143 0.07350000000000001
0 0.83265 0.4556857142857143 0.06502857142857144 0.05521428571428571
0 0.8653928571428571 0.4907357142857143 0.0448 0.05476428571428572
0 0.32092857142857145 0.5099428571428571 0.08236428571428571 0.05890714285714286
0 0.7623357142857142 0.4914785714285715 0.06857142857142857 0.044399999999999995
0 0.6364000000000001 0.5024428571428571 0.06652142857142856 0.04493571428571428
0 0.3008214285714286 0.5215785714285714 0.08189285714285714 0.057828571428571424
0 0.2675642857142857 0.5855071428571429 0.12772142857142857 0.09812142857142857
0 0.7832928571428571 0.5029285714285714 0.072 0.05772857142857142
0 0.4752571428571429 0.46260714285714283 0.06807142857142857 0.0587
0 0.8665571428571429 0.6768642857142857 0.05186428571428572 0.07256428571428572
0 0.7460857142857142 0.46712857142857145 0.06584285714285715 0.05645
0 0.43702857142857143 0.3825071428571428 0.04296428571428571 0.03434285714285714
0 0.4574285714285714 0.48887142857142857 0.08367142857142858 0.06464285714285714
0 0.4702357142857143 0.4795857142857143 0.06328571428571428 0.040092857142857145
0 0.6316499999999999 0.3832357142857143 0.04120714285714286 0.03034285714285714
0 0.7343928571428572 0.44345 0.07023571428571429 0.05519285714285714
0 0.6251214285714285 0.44262142857142855 0.06136428571428571 0.037192857142857146
0 0.8419428571428572 0.47332142857142856 0.06594285714285714 0.07099285714285715
0 0.6323857142857143 0.47559285714285715 0.06264285714285714 0.06260714285714286
0 0.6826571428571429 0.35524285714285714 0.033164285714285716 0.029842857142857143
0 0.6454928571428572 0.5194857142857142 0.07682857142857143 0.03982142857142857
0 0.6021928571428572 0.3764857142857143 0.026257142857142857 0.025442857142857142
0 0.6083285714285714 0.4127142857142857 0.05115 0.03218571428571429
0 0.028542857142857144 0.48059285714285715 0.05707857142857142 0.05462857142857143
0 0.5223071428571429 0.37227142857142853 0.03281428571428571 0.035135714285714284
0 0.6961214285714286 0.4118142857142857 0.06317857142857143 0.04373571428571428