0 0.3190777777777778 0.7603671328671329 0.1482888888888889 0.17638111888111888
0 0.11047777777777779 0.935541958041958 0.19 0.12893356643356643
0 0.8898777777777778 0.6018006993006993 0.11192222222222223 0.14702797202797202
0 0.4141222222222222 0.5953846153846154 0.11685555555555556 0.14447552447552447
0 0.5004555555555555 0.9242832167832169 0.15882222222222223 0.15143356643356645
0 0.5699555555555555 0.8373951048951049 0.14044444444444446 0.14190559440559442
0 0.6855777777777777 0.5664335664335665 0.10083333333333333 0.12905594405594403
0 0.8690333333333333 0.7882342657342657 0.14417777777777777 0.12865384615384615
0 0.4638777777777778 0.5278496503496504 0.10524444444444445 0.13309440559440558
0 0.5998000000000001 0.7223951048951048 0.12305555555555556 0.1608041958041958
0 0.021766666666666667 0.38155594405594406 0.04042222222222223 0.11853146853146852
0 0.08152222222222223 0.3237062937062937 0.08262222222222222 0.0966083916083916
0 0.31876666666666664 0.48858391608391616 0.08635555555555556 0.1215034965034965
0 0.8580666666666666 0.880506993006993 0.14867777777777777 0.13793706293706295
0 0.9196333333333333 0.49797202797202794 0.08770000000000001 0.13354895104895104
0 0.5333333333333333 0.485472027972028 0.08406666666666666 0.12143356643356643
0 0.8512111111111111 0.9700874125874126 0.14582222222222224 0.05984265734265734
0 0.5431444444444444 0.3943881118881119 0.09942222222222223 0.14823426573426574
0 0.27353333333333335 0.1915909090909091 0.06504444444444445 0.07494755244755244
0 0.0195 0.2912062937062937 0.03705555555555556 0.0875
0 0.34577777777777774 0.44321678321678326 0.09906666666666666 0.11638111888111886
0 0.1767888888888889 0.19494755244755246 0.06091111111111111 0.07424825174825174
0 0.12315555555555556 0.22256993006993006 0.04884444444444445 0.07823426573426573
0 0.6906777777777778 0.4659615384615384 0.08926666666666667 0.11206293706293706
0 0.8948111111111111 0.44384615384615383 0.08977777777777778 0.12146853146853148
0 0.5746444444444444 0.7645979020979021 0.12035555555555555 0.06052447552447552
0 0.7152 0.4159265734265734 0.077 0.10954545454545454
0 0.5942333333333333 0.3227622377622378 0.08467777777777777 0.13367132867132867
0 0.4701666666666666 0.9853496503496504 0.15335555555555558 0.029318181818181816
0 0.29455555555555557 0.10748251748251748 0.05137777777777778 0.05896853146853146
0 0.3670222222222222 0.3932867132867133 0.08901111111111111 0.10250000000000001
0 0.34813333333333335 0.13311188811188812 0.0523 0.06365384615384614
0 0.8929222222222222 0.376993006993007 0.08313333333333332 0.0773951048951049
0 0.8873111111111112 0.1912937062937063 0.06902222222222222 0.07012237762237762
0 0.18664444444444445 0.11916083916083915 0.04702222222222222 0.05694055944055944
0 0.5333 0.18606643356643357 0.07755555555555556 0.08603146853146854
0 0.44375555555555557 0.33624125874125876 0.06386666666666667 0.12935314685314683
0 0.4751444444444444 0.28763986013986015 0.07577777777777778 0.08968531468531468
0 0.15518888888888888 0.20875874125874125 0.08701111111111111 0.09414335664335664
0 0.5076444444444445 0.2424300699300699 0.06446666666666667 0.07575174825174825
0 0.4320777777777778 0.36153846153846153 0.05361111111111111 0.10708041958041958
0 0.45307777777777775 0.30347902097902096 0.06586666666666667 0.08328671328671329
0 0.5755 0.1302972027972028 0.054877777777777775 0.065
0 0.47873333333333334 0.2562762237762238 0.07035555555555556 0.07715034965034966
0 0.9035666666666667 0.3112937062937063 0.06961111111111111 0.0694055944055944
0 0.6843222222222222 0.09321678321678321 0.04762222222222222 0.045087412587412584
0 0.8827777777777778 0.23368881118881116 0.05751111111111111 0.050524475524475525
0 0.4875777777777778 0.9703496503496503 0.1541888888888889 0.059283216783216776
0 0.3859222222222222 0.10155594405594406 0.05557777777777778 0.06664335664335663
0 0.8646222222222222 0.09447552447552447 0.04481111111111111 0.03201048951048951
0 0.5158 0.2156818181818182 0.07075555555555556 0.08333916083916085
0 0.10729999999999999 0.32124125874125875 0.029744444444444445 0.09597902097902097
0 0.5473777777777777 0.1633741258741259 0.07764444444444443 0.07160839160839161
0 0.6603777777777778 0.1638986013986014 0.06464444444444445 0.051853146853146855
0 0.8851666666666667 0.2769755244755245 0.07934444444444444 0.0976048951048951
0 0.7644444444444445 0.24270979020979022 0.06433333333333333 0.07493006993006993
0 0.8985 0.14417832167832167 0.04586666666666667 0.048094405594405594
0 0.673188888888889 0.12993006993006992 0.053655555555555554 0.039965034965034965
0 0.36285555555555554 0.12171328671328673 0.07232222222222223 0.06104895104895105
0 0.6296222222222222 0.24055944055944056 0.07478888888888889 0.08164335664335665
0 0.5885333333333332 0.3624825174825175 0.06338888888888888 0.09903846153846153
0 0.6732444444444444 0.13758741258741258 0.06565555555555556 0.06678321678321679
0 0.8623666666666666 0.13444055944055944 0.04538888888888889 0.05989510489510489