0 0.19533333333333333 0.8889047619047619 0.13516666666666666 0.22060317460317458
0 0.9268666666666667 0.739111111111111 0.09616666666666668 0.13247619047619047
0 0.21625 0.7366349206349206 0.10888333333333333 0.13957142857142857
0 0.7614 0.7428888888888888 0.09878333333333333 0.13634920634920636
0 0.7203583333333333 0.9405714285714285 0.20864166666666667 0.11887301587301588
0 0.416425 0.9428095238095239 0.14528333333333335 0.11438095238095239
0 0.6701499999999999 0.8696825396825396 0.11498333333333333 0.13844444444444445
0 0.9613499999999999 0.6377460317460317 0.07590833333333334 0.12846031746031747
0 0.8655750000000001 0.5535873015873016 0.07470833333333333 0.07212698412698412
0 0.6131583333333332 0.8096507936507936 0.14108333333333334 0.20563492063492064
0 0.7855833333333334 0.20358730158730157 0.04293333333333334 0.049761904761904764
0 0.8399666666666668 0.22280952380952382 0.039725 0.05106349206349207
0 0.210625 0.6477777777777778 0.11023333333333334 0.13157142857142856
0 0.8858083333333333 0.6867460317460317 0.08638333333333333 0.1301904761904762
0 0.71185 0.671984126984127 0.10219166666666667 0.15387301587301586
0 0.835225 0.4931904761904762 0.06155833333333334 0.07214285714285715
0 0.41226666666666667 0.8311428571428572 0.10469166666666667 0.11100000000000002
0 0.22579166666666667 0.24114285714285713 0.03166666666666667 0.03741269841269841
0 0.573875 0.7152380952380952 0.11725833333333334 0.17584126984126985
0 0.4400583333333334 0.9056507936507936 0.10240833333333334 0.10788888888888888
0 0.78435 0.5896349206349206 0.07505 0.13468253968253968
0 0.37704166666666666 0.6467301587301587 0.09860833333333333 0.13346031746031745
0 0.010075 0.09719047619047619 0.02015 0.038111111111111116
0 0.39741666666666664 0.7200634920634921 0.09211666666666667 0.10266666666666668
0 0.20835 0.5646825396825397 0.08796666666666667 0.08622222222222223
0 0.3062916666666667 0.2168095238095238 0.042825 0.03776190476190476
0 0.20095833333333335 0.28038095238095234 0.03829166666666667 0.06168253968253968
0 0.8667583333333333 0.5149523809523809 0.06476666666666667 0.046031746031746035
0 0.7408083333333334 0.547984126984127 0.064475 0.09179365079365079
0 0.426 0.8674920634920634 0.12388333333333333 0.14093650793650794
0 0.5798666666666666 0.6859206349206349 0.099925 0.10111111111111111
0 0.7493333333333334 0.4127142857142857 0.06329166666666666 0.08401587301587302
0 0.6508083333333333 0.36206349206349203 0.04095833333333333 0.0610952380952381
0 0.011816666666666666 0.29353968253968254 0.021316666666666664 0.083
0 0.9582916666666667 0.5975238095238096 0.07765833333333333 0.07236507936507937
0 0.3901 0.689984126984127 0.08708333333333333 0.09388888888888888
0 0.4066166666666667 0.7745396825396825 0.09801666666666667 0.10720634920634922
0 0.7681666666666667 0.4616825396825397 0.056799999999999996 0.07638095238095238
0 0.21530000000000002 0.4777142857142857 0.08845 0.11663492063492065
0 0.8886833333333334 0.6565873015873015 0.07784166666666667 0.06806349206349206
0 0.5636916666666666 0.4881904761904762 0.07091666666666666 0.1046984126984127
0 0.9530500000000001 0.9672063492063493 0.09390833333333333 0.06380952380952382
0 0.23012499999999997 0.3347777777777778 0.06984166666666666 0.07406349206349205
0 0.21075833333333333 0.7882222222222222 0.09910000000000001 0.07103174603174603
0 0.0075 0.3119047619047619 0.014991666666666665 0.04787301587301587
0 0.21814999999999998 0.34198412698412695 0.056016666666666666 0.05338095238095238