0 0.221337890625 0.7807454289732771 0.10939453125 0.11315049226441631
0 0.7039453125 0.9431082981715893 0.121875 0.11378340365682138
0 0.51333984375 0.860492264416315 0.113505859375 0.13255977496483826
0 0.3242578125 0.8612095639943742 0.121845703125 0.12842475386779184
0 0.40744140625 0.7614064697609002 0.1210546875 0.14513361462728552
0 0.02970703125 0.8875949367088608 0.0594140625 0.14770745428973275
0 0.178330078125 0.9221800281293951 0.15392578125 0.15563994374120957
0 0.746396484375 0.8643741209563995 0.1102734375 0.14966244725738395
0 0.440048828125 0.9445007032348804 0.112373046875 0.11101265822784812
0 0.347705078125 0.9588185654008439 0.1646484375 0.08236286919831223
0 0.28984375 0.7247679324894514 0.093076171875 0.09942334739803094
0 0.601552734375 0.7737130801687764 0.09013671875 0.10980309423347397
0 0.767392578125 0.789676511954993 0.099453125 0.11209563994374121
0 0.338564453125 0.6712517580872012 0.08783203125 0.10347398030942334
0 0.6358203125 0.7084669479606189 0.107822265625 0.12465541490857945
0 0.847353515625 0.6678762306610408 0.09228515625 0.12019690576652602
0 0.19328125 0.1929817158931083 0.0441796875 0.04569620253164557
0 0.79009765625 0.7532630098452884 0.096513671875 0.11672292545710267
0 0.522119140625 0.68098452883263 0.110888671875 0.13827004219409283
0 0.7103515625 0.6272433192686357 0.076025390625 0.08689170182841069
0 0.534765625 0.5037271448663854 0.072958984375 0.08841068917018284
0 0.60314453125 0.580393811533052 0.087509765625 0.10033755274261603
0 0.926748046875 0.47267229254571025 0.07283203125 0.09164556962025316
0 0.423076171875 0.23752461322081575 0.0506640625 0.052222222222222225
0 0.071103515625 0.9737412095639945 0.12751953125 0.05250351617440225
0 0.90091796875 0.5541209563994375 0.0678515625 0.07915611814345992
0 0.332568359375 0.18724331926863572 0.05427734375 0.0559353023909986
0 0.743173828125 0.5757243319268636 0.078740234375 0.09323488045007033
0 0.24810546875 0.150210970464135 0.050107421875 0.04644163150492265
0 0.509013671875 0.2780590717299578 0.0624609375 0.07513361462728552
0 0.16876953125 0.1240365682137834 0.04599609375 0.04469760900140647
0 0.044697265625 0.8493811533052039 0.089404296875 0.18970464135021095
0 0.648447265625 0.5220815752461322 0.07083984375 0.09168776371308017
0 0.388212890625 0.20901547116736993 0.04814453125 0.049395218002812935
0 0.912626953125 0.4082137834036568 0.05474609375 0.06014064697609001
0 0.812607421875 0.27945147679324894 0.051904296875 0.057257383966244725
0 0.6848046875 0.4941490857946554 0.064970703125 0.08872011251758087
0 0.803642578125 0.49090014064697607 0.061416015625 0.07796061884669479
0 0.778955078125 0.550028129395218 0.05619140625 0.07862165963431786
0 0.123818359375 0.10523206751054852 0.0385546875 0.0410126582278481
0 0.51939453125 0.2919127988748242 0.05951171875 0.0659634317862166
0 0.561005859375 0.4708298171589311 0.053203125 0.07074542897327707
0 0.495634765625 0.559381153305204 0.051171875 0.07973277074542898
0 0.744208984375 0.23683544303797466 0.0509765625 0.05410689170182841
0 0.38896484375 0.1649648382559775 0.042138671875 0.03859353023909986
0 0.58685546875 0.43281293952180033 0.051953125 0.06126582278481013
0 0.577880859375 0.18014064697609003 0.0494921875 0.048593530239099854
0 0.29099609375 0.17137834036568214 0.04541015625 0.05340365682137834
0 0.4975390625 0.2662025316455696 0.052255859375 0.06393811533052039
0 0.811982421875 0.42616033755274263 0.064951171875 0.07516174402250352
0 0.571484375 0.3329535864978903 0.067548828125 0.06410689170182841
0 0.75912109375 0.31558368495077355 0.058916015625 0.05880450070323488
0 0.855361328125 0.5956680731364276 0.08134765625 0.07914205344585092
0 0.552041015625 0.25209563994374123 0.048212890625 0.05137834036568214
0 0.489052734375 0.21018284106891702 0.053623046875 0.05846694796061885
0 0.777666015625 0.3459353023909986 0.054892578125 0.06613220815752462
0 0.64294921875 0.20209563994374122 0.054111328125 0.0480309423347398
0 0.58228515625 0.3550773558368495 0.053359375 0.07185654008438819
0 0.585107421875 0.3893670886075949 0.0619140625 0.056736990154711675
0 0.353798828125 0.1952461322081575 0.0933984375 0.06834036568213783
0 0.699443359375 0.4448523206751055 0.058486328125 0.08481012658227848
0 0.2362890625 0.1630942334739803 0.06697265625 0.056343178621659634