0 0.26734131736526945 0.8684504792332268 0.1321796407185629 0.2541214057507987
0 0.17432335329341317 0.8091693290734825 0.09507784431137725 0.30303514376996804
0 0.09293413173652694 0.8620287539936102 0.12021556886227544 0.2719808306709265
0 0.48617964071856284 0.8374281150159745 0.07622754491017963 0.2718051118210863
0 0.8375089820359282 0.49955271565495213 0.06573652694610778 0.19198083067092653
0 0.5863712574850299 0.7640415335463259 0.07402395209580838 0.22803514376996806
0 0.7496287425149701 0.5229712460063898 0.06294610778443115 0.1908626198083067
0 0.43766467065868264 0.8581469648562301 0.06504191616766468 0.27678913738019173
0 0.6522514970059881 0.5704313099041534 0.0622874251497006 0.21341853035143768
0 0.8745508982035928 0.4917731629392972 0.05681437125748503 0.19210862619808308
0 0.964502994011976 0.4843290734824281 0.06420359281437125 0.17298722044728435
0 0.532814371257485 0.766964856230032 0.048419161676646706 0.228258785942492
0 0.21656287425149703 0.48667731629392974 0.05262275449101796 0.2144888178913738
0 0.06558083832335329 0.4945207667731629 0.06930538922155688 0.21089456869009587
0 0.3499520958083832 0.6290894568690096 0.05955688622754491 0.2273482428115016
0 0.3730059880239521 0.35586261980830675 0.07064670658682635 0.10111821086261981
0 0.2606586826347305 0.47840255591054315 0.055113772455089825 0.18388178913738018
0 0.6713532934131737 0.37292332268370604 0.0597125748502994 0.1495367412140575
0 0.25694610778443117 0.7335782747603834 0.08162874251497006 0.12338658146964855
0 0.32749700598802395 0.724552715654952 0.06088622754491018 0.2504153354632588
0 0.3395928143712575 0.12263578274760382 0.026083832335329342 0.06971246006389777
0 0.7224670658682635 0.372667731629393 0.03015568862275449 0.10896166134185302
0 0.7462395209580839 0.37177316293929713 0.02997604790419162 0.11266773162939298
0 0.24788023952095808 0.36495207667731633 0.042970059880239525 0.10319488817891373
0 0.5898323353293413 0.29420127795527157 0.030000000000000002 0.12356230031948881
0 0.20202395209580837 0.1917731629392971 0.02487425149700599 0.101629392971246
0 0.4596287425149701 0.6685782747603833 0.05407185628742515 0.15274760383386582
0 0.41432335329341313 0.5784345047923323 0.0597125748502994 0.21148562300319487
0 0.2697245508982036 0.13333865814696486 0.02205988023952096 0.05915335463258786
0 0.440874251497006 0.3268370607028754 0.04025149700598803 0.09543130990415336
0 0.5425269461077844 0.5888817891373802 0.057652694610778446 0.17466453674121407
0 0.5447425149700599 0.5720926517571885 0.049532934131736525 0.08487220447284345
0 0.6594730538922156 0.45966453674121405 0.045317365269461084 0.07638977635782748
0 0.42856287425149703 0.1281629392971246 0.019748502994011975 0.05365814696485623
0 0.3892934131736527 0.11031948881789137 0.022000000000000002 0.07437699680511183
0 0.3304311377245509 0.5644888178913738 0.057269461077844315 0.1187699680511182
0 0.16097005988023952 0.291629392971246 0.05849101796407186 0.11710862619808307