0 0.1173 0.5508133333333334 0.08324545454545454 0.34556000000000003
0 0.18786363636363637 0.5499466666666667 0.07421818181818182 0.27525333333333335
0 0.3077727272727273 0.5206533333333333 0.06423636363636363 0.24324
0 0.04693636363636364 0.5003333333333333 0.07583636363636363 0.18655999999999998
0 0.5397363636363637 0.5254933333333334 0.054400000000000004 0.22671999999999998
0 0.2354 0.5340266666666666 0.0669 0.2611866666666666
0 0.3904090909090909 0.5153466666666666 0.048863636363636366 0.22533333333333333
0 0.7746545454545455 0.5467066666666667 0.06907272727272727 0.2811466666666667
0 0.8281090909090909 0.5512266666666666 0.0818 0.3106
0 0.4693 0.51348 0.05645454545454546 0.21789333333333333
0 0.8703272727272727 0.5394 0.06088181818181818 0.32494666666666666
0 0.42654545454545456 0.5153866666666667 0.05063636363636364 0.21454666666666666
0 0.3523090909090909 0.51576 0.05036363636363636 0.23192
0 0.5899727272727273 0.5281866666666667 0.054299999999999994 0.20238666666666666
0 0.7225545454545454 0.5374933333333334 0.05474545454545454 0.22842666666666667
0 0.6813727272727272 0.53352 0.0593090909090909 0.22273333333333334
0 0.25944545454545453 0.5194 0.06397272727272728 0.25397333333333333
0 0.2699090909090909 0.5245733333333333 0.13226363636363636 0.2563066666666666
0 0.42011818181818184 0.5181466666666666 0.09512727272727273 0.22920000000000001
0 0.7335090909090909 0.53656 0.1159090909090909 0.25738666666666665
0 0.6377636363636363 0.5283333333333333 0.056381818181818186 0.20886666666666667
0 0.562 0.5238266666666667 0.10894545454545455 0.2206
0 0.1599 0.43265333333333333 0.04286363636363636 0.07961333333333333
0 0.5194090909090909 0.51808 0.0596 0.22183999999999998
0 0.6576727272727273 0.5281866666666667 0.050945454545454544 0.2122
0 0.6132181818181818 0.5263466666666666 0.0662 0.20390666666666668