0 0.42848958333333337 0.6285937500000001 0.27459375 0.7341249999999999
0 0.8686458333333333 0.60453125 0.25702083333333337 0.7786875
0 0.5358125 0.5875 0.18355208333333334 0.817015625
0 0.14032291666666669 0.57921875 0.19766666666666666 0.8415625
0 0.3219791666666667 0.248125 0.10172916666666666 0.2463125
0 0.6761666666666667 0.576875 0.18320833333333333 0.8462343750000001
0 0.26684375 0.323796875 0.10771875 0.15031250000000002
0 0.2612395833333333 0.6786875 0.18292708333333335 0.6179218750000001
0 0.6855625 0.099 0.16606249999999997 0.196515625
0 0.4079375 0.220359375 0.09008333333333333 0.194015625
0 0.57965625 0.22996875 0.097625 0.245640625
0 0.8233750000000001 0.14759375 0.11147916666666666 0.231921875
0 0.48934374999999997 0.19690625 0.06828125 0.08882812500000001
0 0.7795104166666668 0.590328125 0.17639583333333334 0.81934375
0 0.4690625 0.26915625 0.10127083333333334 0.2463125
0 0.9721562499999999 0.31853125000000004 0.05342708333333333 0.46950000000000003