0 0.4244041666666667 0.6651235955056181 0.03695208333333334 0.21692776886035314
0 0.4249583333333333 0.5706099518459069 0.025989583333333333 0.10458747993579455
0 0.4740395833333333 0.6553194221508828 0.03537916666666666 0.18830497592295348
0 0.5332791666666666 0.46115569823434993 0.07685208333333333 0.13947993579454254
0 0.5980624999999999 0.4705585874799358 0.039933333333333335 0.1401573033707865
0 0.5833875000000001 0.4537142857142857 0.019847916666666666 0.09657784911717496
0 0.6281895833333333 0.3852166934189406 0.0392125 0.09142857142857143
0 0.6510270833333333 0.37674157303370787 0.04968541666666667 0.12391974317817014
0 0.6985958333333334 0.3823948635634029 0.057745833333333337 0.11874478330658106
0 0.6473791666666667 0.47394863563402884 0.06888958333333334 0.1568282504012841
0 0.6692145833333334 0.5063980738362761 0.0586875 0.16115569823434991
0 0.7317354166666666 0.48200321027287324 0.07675 0.21578170144462278
0 0.7544625 0.6041412520064205 0.0943875 0.25569823434991973
0 0.8734833333333334 0.5536821829855538 0.11716458333333334 0.32618298555377206
0 0.45599375 0.8872166934189406 0.10017291666666667 0.2255634028892456
0 0.3792041666666667 0.16500802568218298 0.04982083333333333 0.16146709470304976
0 0.49618958333333335 0.14975280898876406 0.033245833333333336 0.1674446227929374
0 0.5746583333333334 0.17224077046548955 0.0359 0.1637656500802568
0 0.62753125 0.13100481540930978 0.027752083333333333 0.08303049759229535
0 0.55965625 0.12481540930979133 0.02184583333333333 0.06370144462279294
0 0.21429374999999998 0.15867736757624398 0.047025 0.19050722311396467
0 0.03269791666666667 0.14325521669341895 0.028895833333333332 0.10231781701444624
0 0.07636041666666667 0.5669887640449438 0.050722916666666666 0.1814028892455859
0 0.09698958333333334 0.5171011235955056 0.032575 0.10350240770465491
0 0.15500416666666667 0.4840096308186196 0.0377625 0.11197431781701445