0 0.19130516431924882 0.7470845070422535 0.08272300469483568 0.16467605633802818
0 0.27603755868544605 0.677 0.07099530516431925 0.1260281690140845
0 0.22609389671361502 0.6388309859154929 0.07372769953051643 0.06932394366197182
0 0.052366197183098595 0.4593521126760563 0.053718309859154934 0.1066056338028169
0 0.10374647887323943 0.4666760563380281 0.041568075117370894 0.08790140845070422
0 0.018544600938967135 0.5486760563380282 0.03707981220657277 0.07569014084507042
0 0.07898591549295775 0.5510845070422535 0.034910798122065725 0.11652112676056339
0 0.23289201877934274 0.8262676056338027 0.045840375586854464 0.15277464788732395
0 0.37841314553990607 0.9200281690140846 0.08146478873239438 0.14053521126760563
0 0.4704131455399061 0.9196056338028168 0.05806572769953052 0.156056338028169
0 0.648 0.8085915492957747 0.06395305164319248 0.1501830985915493
0 0.4727793427230047 0.6431408450704226 0.06935211267605634 0.0976056338028169
0 0.5285539906103286 0.5462112676056338 0.13941784037558685 0.20173239436619717
0 0.411849765258216 0.5069859154929577 0.08939906103286384 0.11346478873239436
0 0.4796525821596244 0.5159718309859155 0.03506103286384977 0.07247887323943662
0 0.29299530516431926 0.5278450704225351 0.045962441314553994 0.10607042253521128
0 0.24091079812206573 0.5194366197183099 0.04222535211267606 0.09250704225352113
0 0.2756713615023474 0.4273521126760564 0.03969953051643193 0.09826760563380281
0 0.29405633802816905 0.3543098591549296 0.048103286384976525 0.06353521126760563
0 0.12604694835680752 0.31911267605633803 0.05045070422535211 0.08483098591549296
0 0.19773708920187794 0.38154929577464786 0.058478873239436624 0.09835211267605634
0 0.16483568075117372 0.2895211267605634 0.040704225352112676 0.08784507042253521
0 0.3191830985915493 0.29315492957746475 0.04158685446009389 0.06236619718309859
0 0.3568638497652582 0.2918591549295775 0.03285446009389672 0.07288732394366197
0 0.42277934272300466 0.3064225352112676 0.03483568075117371 0.056169014084507043
0 0.44411267605633803 0.2763239436619718 0.022938967136150235 0.061450704225352114
0 0.4071079812206573 0.6699295774647887 0.06024413145539906 0.0824225352112676
0 0.3900777229024991 0.38967692599419806 0.43870265547658566 0.3965906726623921 0.42294498331067093 0.4804574257243984 0.3900777229024991 0.4804574257243984
0 0.44298591549295774 0.40278873239436624 0.025032863849765257 0.072056338028169
0 0.48529577464788737 0.4344788732394366 0.03107042253521127 0.08961971830985915
0 0.5705164319248827 0.4204084507042254 0.05742723004694835 0.11712676056338028
0 0.6365727699530517 0.40305633802816904 0.04109859154929578 0.1086338028169014
0 0.6554366197183098 0.5037887323943662 0.052619718309859155 0.10267605633802818
0 0.6283004694835681 0.6402957746478873 0.05947417840375587 0.12464788732394366
0 0.7069577464788732 0.6165915492957746 0.06420657276995305 0.13292957746478873
0 0.7466666666666667 0.7665211267605634 0.0711643192488263 0.12288732394366197
0 0.8105539906103286 0.7994788732394366 0.11853521126760563 0.2183943661971831
0 0.7632863849765258 0.9376619718309859 0.1192112676056338 0.12466197183098593
0 0.9391737089201878 0.8761408450704224 0.12164319248826293 0.245887323943662
0 0.9330140845070423 0.6761830985915492 0.07260093896713614 0.16056338028169015
0 0.8504037558685446 0.6427464788732394 0.07136150234741784 0.1270281690140845
0 0.8758497652582159 0.5123802816901408 0.04083568075117371 0.11425352112676057
0 0.7907230046948357 0.5269295774647887 0.05316431924882629 0.12469014084507042
0 0.8520281690140845 0.46269014084507043 0.05173708920187794 0.13332394366197184
0 0.8121032863849765 0.429 0.056460093896713616 0.10666197183098593
0 0.7673239436619719 0.3132676056338028 0.04584976525821596 0.09725352112676056
0 0.679906103286385 0.2802112676056338 0.04127699530516432 0.08297183098591548
0 0.6077934272300469 0.30971830985915494 0.0648356807511737 0.07535211267605633
0 0.5566384976525822 0.31436619718309855 0.048892018779342725 0.10684507042253522
0 0.5761220657276995 0.2771408450704225 0.018779342723004695 0.07243661971830986
0 0.2771549295774648 0.37002816901408453 0.03512676056338028 0.04187323943661972
0 0.43380281690140843 0.36171830985915493 0.028901408450704227 0.04791549295774648
0 0.12743661971830986 0.4396056338028169 0.06343661971830986 0.06226760563380282
0 0.09072300469483568 0.41495774647887324 0.026403755868544602 0.0419718309859155
0 0.17671361502347416 0.655281690140845 0.05852582159624413 0.06895774647887325
0 0.252 0.4529014084507042 0.03286384976525822 0.059887323943661974
0 0.6183380281690141 0.2865352112676056 0.03673239436619718 0.0477887323943662