0 0.0426015625 0.5323229166666666 0.0847734375 0.21683333333333332
0 0.1403046875 0.5586041666666667 0.0871171875 0.361875
0 0.21691406249999998 0.5767083333333333 0.0765859375 0.3364270833333334
0 0.3001640625 0.5887083333333333 0.07040625 0.32651041666666664
0 0.30481250000000004 0.4910729166666667 0.0900390625 0.17286458333333332
0 0.4170546875 0.5362291666666666 0.04521875 0.17686458333333333
0 0.4560546875 0.5358958333333333 0.042109375 0.18235416666666668
0 0.48707812500000003 0.533625 0.039328125000000005 0.17628125
0 0.5378984375 0.5477708333333333 0.0561015625 0.1814375
0 0.8795 0.6637916666666667 0.1462578125 0.4412395833333333
0 0.8226796875 0.6016979166666666 0.0879453125 0.2754270833333334
0 0.96284375 0.6193124999999999 0.0743203125 0.22432291666666665
0 0.8499296875000001 0.5502708333333334 0.0600703125 0.15252083333333333
0 0.8394765625 0.6156145833333333 0.089046875 0.24821875
0 0.890859375 0.457625 0.045265625 0.07916666666666666
0 0.81678125 0.47197916666666667 0.038390625 0.11315625
0 0.7769609375 0.45767708333333335 0.0279296875 0.08551041666666667
0 0.5691171875000001 0.45770833333333333 0.0299375 0.06442708333333333
0 0.4992421875 0.45075000000000004 0.032890625 0.06445833333333334
0 0.77553125 0.4553229166666667 0.0283203125 0.07821875
0 0.9326484374999999 0.42755208333333333 0.0268671875 0.049958333333333334
0 0.9717421875 0.42322916666666666 0.0137734375 0.04170833333333333
0 0.757953125 0.4471458333333333 0.027023437500000004 0.06629166666666667
0 0.6895 0.44205208333333335 0.026664062500000002 0.06583333333333334
0 0.5720078125 0.4198645833333333 0.01365625 0.03436458333333334
0 0.5836953125 0.43394791666666666 0.016484375000000002 0.03529166666666667
0 0.600421875 0.42701041666666667 0.01003125 0.026083333333333333
0 0.586953125 0.4235 0.011625 0.034541666666666665
0 0.9894921875 0.49283333333333335 0.021015625 0.16990625
0 0.72596875 0.43479166666666663 0.015515625 0.05892708333333333
0 0.702890625 0.44016666666666665 0.0167890625 0.04180208333333334
0 0.6741796875 0.42675 0.0176171875 0.034041666666666665
0 0.7849921875 0.4312916666666667 0.02025 0.047364583333333335