0 0.1154248046875 0.6558854166666667 0.137587890625 0.6882291666666666
0 0.1877490234375 0.4783723958333333 0.068310546875 0.2579557291666667
0 0.3763818359375 0.5777278645833334 0.07123046875 0.3915690104166667
0 0.291083984375 0.60912109375 0.0633984375 0.5758854166666666
0 0.4410107421875 0.5539062499999999 0.10369140625 0.5348958333333333
0 0.50228515625 0.5740625 0.0619677734375 0.44076822916666664
0 0.592734375 0.5677734375 0.07099609375 0.45498046875000003
0 0.6619677734375 0.5890299479166666 0.0786376953125 0.4532291666666666
0 0.7316064453125 0.5830729166666667 0.0687939453125 0.51076171875
0 0.79779296875 0.6046028645833333 0.09716796875 0.5104231770833333
0 0.881591796875 0.6325 0.095322265625 0.5922526041666667
0 0.6275927734375 0.4234700520833334 0.0235400390625 0.06154947916666667
0 0.7629296875 0.41693359375 0.02630859375 0.06476562500000001
0 0.490419921875 0.4192578125 0.0197216796875 0.031015625
0 0.3959228515625 0.46748697916666665 0.0200927734375 0.07976562499999999
0 0.0544921875 0.47638020833333333 0.032744140625 0.095234375
0 0.2213232421875 0.6369466145833333 0.099091796875 0.5709505208333333