0 0.46373437500000003 0.8088541666666667 0.226375 0.37696874999999996
0 0.13671093750000002 0.7815937500000001 0.27342187500000004 0.43647916666666664
0 0.50528125 0.5714583333333334 0.12909375 0.36123958333333334
0 0.5744140625 0.7072395833333334 0.1479765625 0.43565625
0 0.7448515625 0.5646041666666667 0.14168750000000002 0.41253124999999996
0 0.6365546875 0.44787499999999997 0.07821875 0.21659375
0 0.338859375 0.3216145833333333 0.0921953125 0.09738541666666665
0 0.5120390625 0.30303125000000003 0.0886953125 0.19059375
0 0.5955546875 0.38125 0.052109375 0.17219791666666667
0 0.692921875 0.31423958333333335 0.11263281249999998 0.11017708333333333
0 0.8112890625 0.32496875000000003 0.09175781250000001 0.18715625
0 0.3767109375 0.5931458333333333 0.15432812499999998 0.21548958333333335
0 0.33289843750000003 0.4911979166666667 0.1500078125 0.1781875
0 0.19796875 0.5396249999999999 0.11925 0.21129166666666668
0 0.452125 0.30111458333333335 0.04446875 0.13944791666666667
0 0.59971875 0.2516875 0.0604375 0.1372604166666667
0 0.76028125 0.20242708333333334 0.0298515625 0.11073958333333334
0 0.708703125 0.24907291666666667 0.0547421875 0.11353125
0 0.8036015624999999 0.16340625 0.0452578125 0.08617708333333333
0 0.34653125 0.21728125 0.042640625 0.10048958333333333
0 0.41353906250000005 0.2907291666666667 0.0552265625 0.10016666666666667
0 0.8744531249999999 0.36616666666666664 0.057406250000000006 0.19242708333333333