0 0.15093333333333334 0.5273809523809524 0.2105 0.5063095238095239
0 0.4209333333333333 0.41011904761904766 0.14900000000000002 0.6476785714285714
0 0.34423333333333334 0.32208333333333333 0.1019 0.3720833333333333
0 0.5572 0.5298214285714286 0.14526666666666666 0.7704761904761904
0 0.5144666666666666 0.22113095238095237 0.10206666666666667 0.14428571428571427
0 0.6706 0.5453571428571429 0.14396666666666666 0.7633333333333334
0 0.7562000000000001 0.5452380952380952 0.11979999999999999 0.8353571428571429
0 0.8867666666666666 0.5223214285714286 0.2265 0.9553571428571429
0 0.9752333333333333 0.35791666666666666 0.04956666666666666 0.26517857142857143
0 0.9398 0.23625 0.0859 0.24285714285714283
0 0.9799666666666667 0.18047619047619048 0.04003333333333333 0.21642857142857141