0 0.7550183150183151 0.553804347826087 0.22527472527472528 0.40706521739130436
0 0.5855311355311356 0.5882608695652174 0.12545787545787546 0.37119565217391304
0 0.5316117216117215 0.6847282608695652 0.20754578754578754 0.38717391304347826
0 0.31069597069597066 0.559945652173913 0.15366300366300367 0.5463586956521739
0 0.4513553113553114 0.391304347826087 0.12296703296703297 0.3155434782608696
0 0.501941391941392 0.2629891304347826 0.09124542124542125 0.2682608695652174
0 0.5519413919413919 0.25467391304347825 0.08527472527472528 0.2851086956521739
0 0.647032967032967 0.27005434782608695 0.1371794871794872 0.29304347826086957
0 0.9282783882783883 0.5152173913043478 0.14344322344322344 0.6117934782608695
0 0.08267399267399267 0.5802717391304347 0.1317948717948718 0.6291847826086956
0 0.1784981684981685 0.5592934782608695 0.12538461538461537 0.5733695652173914
0 0.33684981684981685 0.21505434782608696 0.0784981684981685 0.10005434782608695
0 0.2826373626373626 0.36298913043478265 0.07315018315018315 0.3676630434782609
0 0.16663003663003664 0.2538586956521739 0.055531135531135534 0.08907608695652174
0 0.09446886446886446 0.25956521739130434 0.049597069597069596 0.11657608695652173
0 0.16886446886446888 0.17711956521739133 0.03285714285714286 0.1448913043478261