0 0.07836363636363636 0.219725 0.0856969696969697 0.1173
0 0.20242424242424242 0.202475 0.06572727272727273 0.12125
0 0.16957575757575757 0.1605 0.04083333333333333 0.11902499999999999
0 0.23795454545454547 0.154425 0.02603030303030303 0.08285000000000001
0 0.2608787878787879 0.146225 0.023818181818181818 0.051075
0 0.28628787878787876 0.1482 0.02012121212121212 0.0616
0 0.3005606060606061 0.13265000000000002 0.023409090909090907 0.065575
0 0.32756060606060605 0.12955 0.01753030303030303 0.048425
0 0.346530303030303 0.129325 0.01690909090909091 0.05455
0 0.36853030303030304 0.1282 0.01434848484848485 0.043525
0 0.25472727272727275 0.8590000000000001 0.07016666666666667 0.131275
0 0.46210606060606063 0.868625 0.05728787878787879 0.20427499999999998
0 0.5488787878787879 0.96115 0.0766969696969697 0.07769999999999999
0 0.6125909090909091 0.889325 0.05001515151515151 0.141775
0 0.7224545454545455 0.85785 0.061348484848484854 0.128975
0 0.7417878787878788 0.8174750000000001 0.057878787878787884 0.13419999999999999
0 0.8161212121212121 0.830375 0.04896969696969697 0.113425
0 0.8845757575757577 0.9548749999999999 0.0578030303030303 0.09025
0 0.8335151515151515 0.70325 0.046863636363636364 0.17645
0 0.8643333333333334 0.6619750000000001 0.047181818181818186 0.192125
0 0.9570151515151515 0.64495 0.04846969696969697 0.12225
0 0.6922575757575757 0.7246250000000001 0.059560606060606064 0.113275
0 0.5761363636363637 0.719375 0.06393939393939395 0.096125
0 0.5991969696969698 0.648175 0.047090909090909086 0.06425
0 0.3750757575757576 0.710875 0.06556060606060607 0.10369999999999999
0 0.44195454545454543 0.6860250000000001 0.0473939393939394 0.06115
0 0.3176818181818182 0.6367499999999999 0.03977272727272727 0.07719999999999999
0 0.35777272727272724 0.51485 0.04616666666666667 0.12710000000000002
0 0.404469696969697 0.568775 0.031 0.09985
0 0.40556060606060607 0.51005 0.028863636363636366 0.078125
0 0.5525 0.4893 0.03793939393939394 0.06165
0 0.5116666666666666 0.49662500000000004 0.03486363636363637 0.061974999999999995
0 0.7083484848484848 0.48869999999999997 0.026621212121212122 0.09015000000000001
0 0.7389545454545454 0.4779 0.023015151515151513 0.08185
0 0.7739090909090909 0.482175 0.03183333333333334 0.076075
0 0.5976515151515152 0.44447499999999995 0.01796969696969697 0.065175
0 0.6447272727272727 0.39405 0.029606060606060604 0.09685
0 0.5807727272727273 0.4079 0.017136363636363637 0.050774999999999994
0 0.5144545454545455 0.40354999999999996 0.017196969696969697 0.0421
0 0.457030303030303 0.411875 0.021303030303030303 0.0663
0 0.4369393939393939 0.41765 0.026878787878787877 0.04765
0 0.5025757575757576 0.3611 0.014772727272727272 0.03265
0 0.5330303030303031 0.352825 0.020772727272727273 0.0262
0 0.5103484848484848 0.381025 0.01353030303030303 0.039825
0 0.5747727272727273 0.37585 0.026484848484848486 0.04455
0 0.5957424242424242 0.358075 0.021151515151515154 0.036725
0 0.6831515151515152 0.3716 0.022136363636363635 0.049874999999999996
0 0.665878787878788 0.36167499999999997 0.007363636363636364 0.0414
0 0.7478181818181818 0.37155 0.023318181818181818 0.06115
0 0.6513636363636364 0.6212 0.03324242424242425 0.1427
0 0.5282424242424242 0.604975 0.06306060606060605 0.09515000000000001
0 0.29783333333333334 0.5756 0.03233333333333333 0.059025
0 0.7453181818181819 0.574875 0.04727272727272727 0.105425