0 0.854719298245614 0.8964605263157894 0.09699122807017543 0.2070657894736842
0 0.7995789473684211 0.8435921052631579 0.08696491228070176 0.17214473684210527
0 0.6730964912280702 0.9154868421052631 0.06958771929824561 0.13923684210526316
0 0.6961315789473684 0.7971447368421053 0.07806140350877193 0.12061842105263158
0 0.6276140350877193 0.7612236842105263 0.03374561403508772 0.0825921052631579
0 0.3152719298245614 0.8402894736842106 0.08326315789473684 0.18810526315789475
0 0.06981578947368422 0.8938026315789473 0.13963157894736844 0.2124078947368421
0 0.13208771929824561 0.8445131578947369 0.07007894736842105 0.17400000000000002
0 0.20183333333333334 0.7966184210526315 0.034333333333333334 0.07819736842105263
0 0.40399122807017546 0.8389342105263158 0.06020175438596491 0.1214736842105263
0 0.4273245614035088 0.7428157894736842 0.06425438596491229 0.09465789473684211
0 0.49076315789473685 0.8485526315789473 0.045763157894736846 0.10311842105263158
0 0.5436315789473685 0.7198684210526316 0.0412280701754386 0.07131578947368421
0 0.4871052631578947 0.7725921052631578 0.05349122807017544 0.1053421052631579
0 0.9549736842105264 0.9233947368421053 0.09005263157894737 0.15322368421052632
0 0.9764122807017543 0.8511052631578948 0.04717543859649123 0.09501315789473683
0 0.9144561403508772 0.8759736842105263 0.05301754385964912 0.1277236842105263
0 0.7391491228070175 0.779157894736842 0.04278947368421053 0.1244736842105263
0 0.7108157894736843 0.7623026315789474 0.03292105263157895 0.08332894736842104
0 0.6151578947368421 0.8084605263157895 0.040149122807017545 0.09160526315789475
0 0.5802017543859649 0.7243815789473684 0.026964912280701754 0.060671052631578945