0 0.10709375000000002 0.8943203125 0.21418750000000003 0.21135156249999998
0 0.0501484375 0.766796875 0.08757812499999999 0.160203125
0 0.0728125 0.748546875 0.080734375 0.09664062500000001
0 0.2739609375 0.9287734375 0.05325 0.13390625
0 0.30753906249999996 0.9613984375 0.055367187500000005 0.077203125
0 0.3644375 0.9537734375 0.0655078125 0.0924453125
0 0.41937499999999994 0.9456484375 0.057484375 0.10870312499999998
0 0.49362500000000004 0.9151093749999999 0.041335937499999996 0.0862578125
0 0.5506796875 0.9178671875 0.088765625 0.10600000000000001
0 0.5163593750000001 0.9058437500000001 0.0400703125 0.0636484375
0 0.5136953125 0.9802031250000001 0.042859375 0.0396015625
0 0.5836171875 0.9766406249999999 0.05871875 0.0467109375
0 0.6806640625 0.9037890624999999 0.1193359375 0.1924296875
0 0.8582812499999999 0.8957890624999999 0.146375 0.2084140625
0 0.7370703125 0.8960156250000001 0.022789062500000002 0.039070312499999996
0 0.7556093749999999 0.95765625 0.0376875 0.0523671875
0 0.9546953125 0.9295546874999999 0.063453125 0.1408828125
0 0.9362578125000001 0.8579375 0.01071875 0.0139140625
0 0.98853125 0.8588984375000001 0.0073828125 0.0109609375
0 0.9942421875 0.8567343749999999 0.004171875 0.014296875
0 0.9476484375 0.8130000000000001 0.0073828125 0.0099921875
0 0.958171875 0.816171875 0.006515625 0.01703125
0 0.9496015625 0.8108671875000001 0.0068984375 0.0074140625000000005