0 0.9581168831168831 0.24494226327944574 0.05557142857142857 0.15958429561200924
0 0.22067532467532466 0.617690531177829 0.19796103896103898 0.3352655889145496
0 0.13925974025974028 0.5912471131639723 0.13714285714285712 0.25863741339491914
0 0.065987012987013 0.6065127020785219 0.08462337662337661 0.15381062355658198
0 0.7798441558441559 0.4604618937644342 0.1207922077922078 0.2112933025404157
0 0.7721038961038961 0.3194688221709007 0.028402597402597405 0.04856812933025404
0 0.694 0.34039260969976903 0.03667532467532467 0.039006928406466516
0 0.5491038961038961 0.3807390300230947 0.049935064935064936 0.046558891454965355
0 0.6324935064935064 0.38143187066974593 0.04157142857142857 0.047944572748267904
0 0.5478571428571429 0.6650346420323325 0.22935064935064933 0.6312009237875289
0 0.3482727272727273 0.6558198614318708 0.2331948051948052 0.4729792147806005