0 0.393175 0.9008444444444446 0.11343333333333333 0.19528888888888887
0 0.7895166666666666 0.7681777777777777 0.08305 0.16948148148148148
0 0.14661666666666667 0.9246518518518518 0.12925833333333334 0.1506962962962963
0 0.7588583333333333 0.9258370370370371 0.0878 0.14832592592592594
0 0.6789999999999999 0.8005629629629629 0.09144166666666667 0.15214814814814814
0 0.2508916666666667 0.8529037037037037 0.11425833333333335 0.16623703703703702
0 0.6289166666666667 0.9327111111111112 0.11314166666666668 0.13456296296296297
0 0.2723333333333333 0.9624888888888888 0.128225 0.07244444444444444
0 0.49456666666666665 0.9244444444444444 0.11988333333333334 0.1511111111111111
0 0.31395 0.7790962962962963 0.08914166666666666 0.15525925925925926
0 0.15378333333333333 0.8106370370370369 0.1323 0.11934814814814815
0 0.2434666666666667 0.38348148148148153 0.03490833333333333 0.03780740740740741
0 0.37263333333333337 0.7011851851851852 0.10034166666666666 0.1557037037037037
0 0.24086666666666667 0.7336 0.08859166666666667 0.09395555555555556
0 0.58735 0.7286074074074074 0.08271666666666667 0.1265037037037037
0 0.5355833333333334 0.6734518518518519 0.078775 0.11303703703703703
0 0.5569333333333334 0.806962962962963 0.09685833333333334 0.1560888888888889
0 0.3038 0.6702370370370371 0.08024166666666667 0.08780740740740742
0 0.44517500000000004 0.7957037037037037 0.10789166666666666 0.19245925925925925
0 0.691975 0.6890518518518519 0.06731666666666666 0.09268148148148149
0 0.10325000000000001 0.495037037037037 0.04948333333333334 0.05373333333333334
0 0.12044999999999999 0.5531259259259259 0.08101666666666667 0.07294814814814815
0 0.6367416666666667 0.6539555555555556 0.0801 0.11407407407407408
0 0.5921416666666667 0.5942814814814814 0.07835 0.12053333333333333
0 0.443 0.7123555555555555 0.10170833333333333 0.15374814814814816
0 0.9118999999999999 0.37522962962962964 0.025666666666666667 0.06117037037037037
0 0.3458 0.7274814814814815 0.132275 0.18635555555555555
0 0.440725 0.7564592592592593 0.0953 0.10148148148148148
0 0.7761583333333333 0.6912 0.067825 0.11044444444444444
0 0.14025 0.48419259259259256 0.060608333333333334 0.059674074074074074
0 0.41218333333333335 0.6043259259259259 0.07295 0.0932888888888889
0 0.7773 0.6338518518518519 0.053116666666666666 0.0913925925925926
0 0.5137833333333333 0.8818222222222223 0.15044166666666667 0.2349185185185185
0 0.48314999999999997 0.5911555555555555 0.07201666666666667 0.08395555555555556
0 0.09554166666666668 0.48576296296296295 0.031983333333333336 0.03838518518518519
0 0.13671666666666668 0.4672444444444444 0.0501 0.03943703703703704
0 0.5427166666666666 0.5672444444444444 0.06684166666666666 0.10592592592592592