0 0.275302734375 0.778692628650904 0.33751953125 0.3719054242002781
0 0.775302734375 0.7307649513212795 0.301806640625 0.42101529902642554
0 0.561748046875 0.6673574408901252 0.21732421875 0.24273991655076496
0 0.061904296875 0.5059388038942976 0.121318359375 0.18235048678720447
0 0.417548828125 0.5089707927677329 0.114609375 0.15043115438108484
0 0.8975390625 0.8080806675938804 0.2023828125 0.37860917941585537
0 0.15609375 0.691404728789986 0.198173828125 0.24397774687065366
0 0.162802734375 0.564019471488178 0.1826171875 0.1339221140472879
0 0.37375 0.4549791376912378 0.117626953125 0.1400695410292072
0 0.7178125 0.5123087621696801 0.128759765625 0.09929068150208623
0 0.559716796875 0.5434492350486787 0.204755859375 0.154673157162726
0 0.879052734375 0.507913769123783 0.205986328125 0.12420027816411683
0 0.743134765625 0.44759388038942977 0.08796875 0.06870653685674548
0 0.95638671875 0.5806119610570236 0.0848046875 0.10250347705146036
0 0.632734375 0.4589847009735744 0.10552734375 0.11474269819193324
0 0.163134765625 0.41853963838664815 0.1102734375 0.06999999999999999
0 0.540390625 0.4346592489568845 0.085615234375 0.0637134909596662
0 0.761416015625 0.40264255910987484 0.0580078125 0.04414464534075104
0 0.1940625 0.4873018080667594 0.14412109375 0.126884561891516
0 0.81146484375 0.42616133518776084 0.061806640625 0.06645340751043116
0 0.476728515625 0.41855354659248956 0.063994140625 0.06076495132127955
0 0.087685546875 0.27474269819193325 0.05822265625 0.04559109874826148
0 0.08392578125 0.37326842837273994 0.07080078125 0.06830319888734353
0 0.03205078125 0.4087899860917942 0.0641015625 0.06465924895688456
0 0.858583984375 0.4220305980528512 0.061787109375 0.04515994436717663
0 0.4653125 0.5539360222531293 0.078759765625 0.17919332406119612
0 0.872412109375 0.43173852573018084 0.08900390625 0.051974965229485394
0 0.912119140625 0.4430876216968011 0.08654296875 0.051627260083449235
0 0.19890625 0.389346314325452 0.0886328125 0.062461752433936014
0 0.763916015625 0.4333240611961057 0.096640625 0.08264255910987482
0 0.957919921875 0.6303337969401946 0.079375 0.2034353268428373
0 0.188212890625 0.24695410292072323 0.0320703125 0.03403337969401947
0 0.046630859375 0.39717663421418636 0.08796875 0.0819749652294854
0 0.139853515625 0.2399721835883171 0.025126953125 0.026161335187760777
0 0.4073046875 0.32204450625869263 0.041953125 0.046509040333796936
0 0.47857421875 0.24303198887343533 0.03439453125 0.030904033379694017
0 0.16328125 0.2388317107093185 0.0221484375 0.020959666203059807