0 0.11305365296803653 0.6217979452054795 0.08126141552511416 0.03813784246575343
0 0.6533704337899543 0.9575214041095891 0.04145833333333333 0.05694777397260274
0 0.09496575342465753 0.9398073630136986 0.030796232876712328 0.024982876712328766
0 0.02346746575342466 0.7952097602739726 0.02752568493150685 0.04018835616438356
0 0.07325913242009133 0.9066823630136988 0.03690924657534247 0.04517551369863014
0 0.972029109589041 0.9243193493150685 0.053715753424657536 0.05692208904109589
0 0.45831335616438357 0.9809974315068494 0.060174086757990866 0.03800513698630137
0 0.0493892694063927 0.944867294520548 0.03197488584474886 0.04139126712328767
0 0.9311729452054794 0.8895719178082192 0.05387557077625571 0.04520547945205479
0 0.016332762557077624 0.6273330479452055 0.03207191780821918 0.040937499999999995
0 0.05300513698630137 0.8681464041095891 0.030371004566210048 0.03351027397260274
0 0.23154965753424658 0.6291909246575342 0.07120148401826484 0.029434931506849317
0 0.7189012557077626 0.9180864726027398 0.06246575342465753 0.0567166095890411
0 0.030131278538812784 0.9137585616438356 0.035148401826484016 0.03942208904109589
0 0.6075399543378995 0.8524700342465753 0.042537100456621006 0.055338184931506856
0 0.9521603881278539 0.7310787671232877 0.030559360730593607 0.03972174657534247
0 0.03700913242009132 0.8390496575342465 0.03282534246575342 0.03943921232876712
0 0.9408675799086759 0.7753510273972603 0.048635844748858445 0.04517979452054795
0 0.8801512557077626 0.6626070205479452 0.037933789954337896 0.036061643835616435
0 0.8214326484018265 0.6631506849315068 0.0502283105022831 0.05008561643835616
0 0.3810502283105023 0.6605693493150685 0.0493892694063927 0.0396875
0 0.18711472602739726 0.33782106164383563 0.02404680365296804 0.029096746575342464
0 0.8067094748858448 0.9470291095890412 0.05672945205479452 0.05507705479452055
0 0.4060045662100457 0.6165368150684931 0.03398116438356164 0.04499571917808219
0 0.5232619863013699 0.9780950342465753 0.03392123287671233 0.03939212328767123
0 0.9380507990867579 0.8287114726027397 0.05135559360730593 0.046875
0 0.9332277397260275 0.9830650684931507 0.0607791095890411 0.03387414383561644
0 0.8480422374429224 0.980196917808219 0.06697203196347032 0.03960616438356164
0 0.9053453196347032 0.7941438356164383 0.04809646118721461 0.04803082191780822
0 0.870259703196347 0.7563912671232877 0.0498601598173516 0.054678938356164386
0 0.6070947488584475 0.7865282534246575 0.04538527397260274 0.049803082191780826
0 0.010091324200913241 0.8671746575342466 0.017265981735159818 0.021087328767123287
0 0.8382391552511416 0.9050599315068493 0.04514554794520548 0.05054794520547945
0 0.8764240867579908 0.9322474315068493 0.049831621004566215 0.0527097602739726
0 0.019152397260273974 0.3766652397260274 0.024420662100456618 0.032196061643835615
0 0.8985445205479452 0.9673801369863014 0.06012557077625571 0.061845034246575344
0 0.9849857305936073 0.8775770547945205 0.030028538812785388 0.05080907534246575
0 0.16088755707762556 0.29960188356164386 0.02644691780821918 0.0347902397260274
0 0.9434046803652968 0.7258861301369863 0.04148401826484019 0.036866438356164384
0 0.6577197488584475 0.4282705479452055 0.025402397260273973 0.0255736301369863
0 0.7703795662100457 0.9034546232876711 0.056669520547945204 0.06329195205479451
0 0.7067151826484018 0.9768321917808219 0.047217465753424656 0.04563356164383561
0 0.6816438356164384 0.8054708904109589 0.06105022831050228 0.05418236301369863
0 0.86775399543379 0.8221789383561643 0.0502283105022831 0.05012414383561644
0 0.8040268264840182 0.8707020547945206 0.04918664383561644 0.052769691780821915
0 0.16166381278538813 0.24748287671232877 0.02593607305936073 0.027589897260273975
0 0.0277939497716895 0.9849700342465753 0.041974885844748865 0.030059931506849314
0 0.8332990867579909 0.7334118150684932 0.04108732876712329 0.04373287671232876
0 0.8419977168949772 0.7884203767123288 0.05253995433789954 0.0558861301369863
0 0.19838755707762556 0.1896361301369863 0.024942922374429227 0.025654965753424658
0 0.5181335616438356 0.7483989726027397 0.046912100456621 0.06551369863013698
0 0.11603881278538813 0.19019691780821918 0.02094748858447489 0.02206763698630137
0 0.009937214611872146 0.879126712328767 0.019871575342465753 0.042183219178082196
0 0.9003424657534247 0.6895077054794521 0.0432791095890411 0.04835616438356164
0 0.729009703196347 0.6830436643835616 0.037939497716894977 0.03981592465753425
0 0.5696917808219178 0.3224871575342466 0.03906678082191781 0.033206335616438355
0 0.5757391552511416 0.7393065068493151 0.04135559360730594 0.05165667808219178
0 0.09974885844748858 0.21299229452054794 0.021738013698630137 0.02615582191780822
0 0.3779195205479452 0.5883390410958904 0.03892123287671233 0.03583904109589041
0 0.9019549086757991 0.8517337328767124 0.050325342465753424 0.04529965753424657
0 0.9093949771689498 0.7434845890410959 0.047605593607305936 0.05923801369863013
0 0.7526255707762557 0.8116095890410959 0.042833904109589045 0.04975171232876712
0 0.6737899543378996 0.48877568493150686 0.029420662100456622 0.03467037671232877
0 0.21228881278538814 0.21859160958904109 0.023507420091324203 0.024597602739726027
0 0.7040239726027397 0.7583561643835617 0.05251997716894977 0.06850171232876713
0 0.2734760273972603 0.20627140410958905 0.02303082191780822 0.02302654109589041