0 0.4643798828125 0.21689655172413794 0.0683984375 0.05890682318415261
0 0.413798828125 0.7757373440939105 0.12791015625 0.18826852531181218
0 0.8926025390625 0.686595744680851 0.1544091796875 0.1657226705796038
0 0.5484375 0.5843800440205429 0.1277734375 0.14092443140132063
0 0.848408203125 0.45760088041085845 0.0934375 0.11690388848129127
0 0.621171875 0.7330227439471754 0.1456689453125 0.1930300807043287
0 0.7129931640625 0.4933602347762289 0.109423828125 0.12077769625825385
0 0.8209521484375 0.5791195891415994 0.1406884765625 0.1485986793837124
0 0.7795458984375 0.9384666177549524 0.2017431640625 0.12307410124724871
0 0.309287109375 0.44588407923697726 0.119814453125 0.1464710198092443
0 0.433857421875 0.42696991929567135 0.093349609375 0.11680851063829788
0 0.12658203125 0.9450256786500366 0.1578369140625 0.10995597945707998
0 0.667255859375 0.41652971386647103 0.1118505859375 0.1249156272927366
0 0.4588330078125 0.9684005869405723 0.17001953125 0.06193690388848129
0 0.1393505859375 0.7107850330154072 0.1244384765625 0.16625825385179752
0 0.377138671875 0.648914159941306 0.114541015625 0.1589435069699193
0 0.15427734375 0.8373587674247982 0.1172607421875 0.1334409391049156
0 0.125224609375 0.5968598679383712 0.1080810546875 0.1411518708730741
0 0.1838427734375 0.3061482024944974 0.080341796875 0.0864490095377843
0 0.2210498046875 0.35763022743947176 0.0844189453125 0.09479090242112985
0 0.125478515625 0.22703595011005134 0.064599609375 0.06649303008070433
0 0.13798828125 0.4911371973587674 0.0770849609375 0.08597945707997065
0 0.1915966796875 0.19914159941305942 0.06185546875 0.06523844460748349
0 0.018359375 0.05460748349229641 0.0330078125 0.0466984592809978
0 0.34072265625 0.31349963316214235 0.0921044921875 0.09991195891415995
0 0.06353515625 0.17789435069699192 0.06689453125 0.06450476889214968
0 0.48470703125 0.2841819515774028 0.083720703125 0.08482758620689655
0 0.4164306640625 0.24532648569332355 0.07748046875 0.07347028613352898
0 0.112236328125 0.44239178283198827 0.0879736328125 0.10694790902421131
0 0.1243115234375 0.14537784299339693 0.049931640625 0.0562949376375642
0 0.2875439453125 0.26148936170212767 0.0853271484375 0.08977256052824652
0 0.0696533203125 0.3327439471753485 0.065146484375 0.08456346294937638
0 0.59203125 0.3753778429933969 0.0891845703125 0.09332355099046222
0 0.0267919921875 0.13123257520176082 0.0396142578125 0.049596478356566394
0 0.1016796875 0.3635216434336024 0.0711328125 0.059853264856933236
0 0.3621533203125 0.21905355832721937 0.082001953125 0.07162142333088775
0 0.9555419921875 0.17390315480557594 0.08177734375 0.02823917828319883
0 0.620576171875 0.334578136463683 0.15826171875 0.13704328686720468
0 0.07400390625 0.11125458547322083 0.0490966796875 0.051460014673514305
0 0.9745556640625 0.8335289801907556 0.049189453125 0.2613279530447542
0 0.413154296875 0.185986793837124 0.0553759765625 0.04922964049889948
0 0.3964892578125 0.13431401320616287 0.0493994140625 0.03870873074101247
0 0.4801953125 0.17206162876008804 0.0576806640625 0.041621423330887745
0 0.6679443359375 0.31754952311078505 0.0670068359375 0.0740865737344094
0 0.2251123046875 0.13652971386647103 0.043271484375 0.05443140132061629
0 0.5244287109375 0.20638297872340428 0.0290869140625 0.05292002934702861
0 0.431494140625 0.15956713132795305 0.0508935546875 0.0499046221570066
0 0.6792333984375 0.31250183418928834 0.044111328125 0.055399853264856934
0 0.443154296875 0.1464490095377843 0.0643115234375 0.0662949376375642
0 0.9558837890625 0.1872780630961115 0.0823779296875 0.05275862068965517