0 0.1203047619047619 0.7467 0.13508571428571428 0.12352857142857143
0 0.3412190476190476 0.7141571428571429 0.1147047619047619 0.13582857142857144
0 0.6006761904761905 0.9457285714285714 0.16013333333333332 0.10854285714285715
0 0.2523238095238095 0.8098285714285715 0.13817142857142858 0.16045714285714285
0 0.4986952380952381 0.8572142857142856 0.13265714285714286 0.1585
0 0.2460190476190476 0.6466714285714286 0.10875238095238095 0.13095714285714286
0 0.9605714285714286 0.9193857142857144 0.07704761904761906 0.15882857142857143
0 0.6677619047619048 0.8420857142857143 0.12606666666666666 0.15352857142857143
0 0.06547619047619048 0.6886285714285715 0.12676190476190477 0.1415857142857143
0 0.7980571428571429 0.9262999999999999 0.14144761904761904 0.14715714285714288
0 0.18561904761904763 0.8894714285714286 0.09903809523809523 0.18232857142857142
0 0.42937142857142857 0.6273857142857143 0.08316190476190476 0.12561428571428573
0 0.8413142857142857 0.8132428571428572 0.13057142857142856 0.19084285714285715
0 0.31436190476190473 0.5579857142857142 0.08876190476190476 0.11182857142857143
0 0.9781333333333333 0.7618285714285714 0.04373333333333333 0.1442
0 0.7221047619047619 0.7533285714285715 0.0994952380952381 0.1273857142857143
0 0.5783047619047619 0.7009428571428572 0.08892380952380953 0.101
0 0.0344 0.5988142857142857 0.0688 0.11232857142857142
0 0.07992380952380952 0.5344285714285715 0.0834952380952381 0.10012857142857143
0 0.5381523809523809 0.7596857142857143 0.0922952380952381 0.10617142857142856
0 0.9216857142857142 0.19608571428571428 0.03767619047619048 0.034185714285714285
0 0.43717142857142854 0.5208285714285714 0.07874285714285716 0.1012142857142857
0 0.1305904761904762 0.48205714285714285 0.07133333333333333 0.09568571428571429
0 0.9706857142857143 0.6127428571428571 0.057390476190476186 0.12422857142857142
0 0.796304761904762 0.39225714285714286 0.05983809523809524 0.057228571428571434
0 0.3315714285714286 0.46900000000000003 0.06624761904761906 0.08555714285714286
0 0.7403333333333334 0.5869714285714286 0.07046666666666666 0.06547142857142857
0 0.9761142857142858 0.6836 0.04524761904761904 0.06595714285714285
0 0.20742857142857143 0.5075857142857143 0.08460952380952382 0.11177142857142856
0 0.738 0.6719999999999999 0.0902952380952381 0.12105714285714285
0 0.7952380952380952 0.3327428571428571 0.03919047619047619 0.05174285714285714
0 0.6004190476190476 0.6422571428571429 0.07471428571428572 0.08061428571428571
0 0.8395619047619047 0.575 0.07497142857142856 0.1006857142857143
0 0.6003619047619048 0.5381285714285714 0.0772095238095238 0.08651428571428572
0 0.7450857142857144 0.34325714285714287 0.048304761904761906 0.06291428571428571
0 0.9472380952380952 0.5698571428571428 0.0858 0.09712857142857143
0 0.8645809523809523 0.7010857142857143 0.07865714285714286 0.06468571428571429
0 0.8630857142857143 0.6349142857142858 0.0758952380952381 0.07632857142857143
0 0.09327619047619047 0.5062428571428571 0.10958095238095239 0.13215714285714286
0 0.7126190476190476 0.26931428571428573 0.03101904761904762 0.03508571428571428
0 0.24496190476190474 0.41368571428571427 0.06767619047619047 0.07012857142857143
0 0.7390380952380953 0.6135714285714285 0.08378095238095239 0.12598571428571428
0 0.8628857142857143 0.6674 0.08111428571428572 0.12224285714285714
0 0.5913904761904762 0.6681285714285714 0.08867619047619048 0.11794285714285714
0 0.8083714285714285 0.5072714285714285 0.07204761904761905 0.08681428571428572
0 0.6844857142857144 0.33858571428571427 0.04792380952380952 0.033742857142857144
0 0.3448857142857143 0.16712857142857143 0.018647619047619045 0.026500000000000003
0 0.7072666666666667 0.3119571428571429 0.04083809523809524 0.052642857142857144
0 0.23365714285714287 0.2749142857142857 0.03852380952380953 0.048114285714285714
0 0.6035809523809523 0.5759428571428572 0.0724952380952381 0.07757142857142857
0 0.27597142857142853 0.2891142857142857 0.044399999999999995 0.04292857142857143
0 0.2373809523809524 0.4633142857142857 0.0709904761904762 0.07474285714285714
0 0.3350666666666667 0.4225714285714286 0.0656952380952381 0.08057142857142857
0 0.8390285714285715 0.42724285714285715 0.07538095238095238 0.0674142857142857
0 0.9272285714285715 0.5142428571428572 0.07878095238095238 0.07481428571428571
0 0.585247619047619 0.49978571428571433 0.0699142857142857 0.0771142857142857
0 0.14654285714285714 0.42047142857142855 0.06532380952380953 0.05462857142857143
0 0.15676190476190477 0.40437142857142855 0.06401904761904761 0.05872857142857143
0 0.44576190476190475 0.4590857142857143 0.06375238095238095 0.05848571428571428
0 0.9355047619047618 0.4759857142857143 0.12525714285714287 0.14755714285714286
0 0.8794380952380952 0.4775285714285714 0.056666666666666664 0.07021428571428572
0 0.2613142857142857 0.34005714285714284 0.05441904761904762 0.06144285714285714
0 0.3153047619047619 0.1942142857142857 0.026609523809523812 0.0183
0 0.8166285714285715 0.37198571428571425 0.09767619047619047 0.11208571428571427
0 0.9670571428571428 0.8841857142857142 0.0658857142857143 0.09261428571428572
0 0.29757142857142854 0.2409714285714286 0.039523809523809524 0.04831428571428571
0 0.9203714285714285 0.42541428571428574 0.055952380952380955 0.05855714285714286
0 0.4407238095238095 0.34164285714285714 0.057 0.06257142857142857
0 0.8238952380952381 0.40727142857142856 0.0822 0.07171428571428572
0 0.5759714285714286 0.4431571428571428 0.06271428571428571 0.05562857142857142
0 0.8583904761904761 0.44225714285714285 0.05421904761904762 0.04724285714285714
0 0.9420761904761904 0.5311 0.08898095238095238 0.10072857142857143
0 0.2930761904761905 0.2533714285714286 0.039104761904761906 0.022685714285714288
0 0.3020857142857143 0.22085714285714284 0.03567619047619048 0.027885714285714285
0 0.8200761904761905 0.5456 0.08642857142857142 0.12001428571428573
0 0.4092952380952381 0.20652857142857142 0.027800000000000002 0.03642857142857143
0 0.4506952380952381 0.43622857142857147 0.05993333333333333 0.05982857142857143