0 0.07429090909090909 0.7582608695652174 0.14780000000000001 0.21592391304347824
0 0.2706545454545455 0.8495380434782609 0.19143636363636365 0.2585326086956522
0 0.9360181818181817 0.6155434782608696 0.12796363636363636 0.14657608695652175
0 0.7121454545454545 0.8066304347826087 0.17278181818181818 0.23157608695652174
0 0.14396363636363638 0.5946739130434783 0.13914545454545454 0.17054347826086955
0 0.3771818181818182 0.6987771739130434 0.1611090909090909 0.19157608695652173
0 0.9483454545454546 0.7067119565217391 0.1032909090909091 0.21328804347826086
0 0.35218181818181815 0.5647282608695652 0.15252727272727273 0.17679347826086958
0 0.041072727272727275 0.4871467391304348 0.08212727272727273 0.14728260869565218
0 0.39207272727272724 0.44364130434782606 0.11158181818181817 0.13921195652173912
0 0.9354363636363636 0.3575 0.0874 0.14896739130434783
0 0.6902727272727273 0.5523097826086957 0.12823636363636365 0.1642663043478261
0 0.18825454545454545 0.46771739130434786 0.1176909090909091 0.18804347826086956
0 0.05669090909090909 0.411929347826087 0.10965454545454546 0.12361413043478262
0 0.6315999999999999 0.45883152173913044 0.09910909090909091 0.14076086956521738
0 0.7868909090909091 0.3690760869565217 0.09712727272727273 0.11105978260869565
0 0.9799454545454546 0.4396467391304348 0.04010909090909091 0.13355978260869564
0 0.7791090909090909 0.9649728260869566 0.22523636363636362 0.06940217391304347
0 0.1036 0.3611413043478261 0.09158181818181818 0.1333967391304348
0 0.24349090909090906 0.3664945652173913 0.09843636363636364 0.12040760869565217
0 0.0208 0.3404891304347826 0.0416 0.11796195652173912
0 0.0098 0.18910326086956522 0.0196 0.05538043478260869
0 0.6400545454545454 0.3752445652173913 0.09701818181818182 0.09709239130434781
0 0.6332545454545455 0.3117119565217391 0.07630909090909091 0.07714673913043478
0 0.7724727272727273 0.2959510869565217 0.09101818181818182 0.10271739130434782
0 0.23609090909090907 0.4338315217391305 0.0765090909090909 0.14114130434782607
0 0.9897636363636364 0.8905434782608697 0.02047272727272727 0.14853260869565216
0 0.15738181818181818 0.3216576086956522 0.07807272727272727 0.10543478260869564
0 0.8855818181818181 0.3087228260869565 0.07680000000000001 0.09671195652173914
0 0.29076363636363634 0.33010869565217393 0.07670909090909091 0.10608695652173913
0 0.8638545454545454 0.2750815217391304 0.10945454545454546 0.15269021739130434
0 0.12865454545454547 0.1535054347826087 0.032563636363636364 0.03225543478260869
0 0.0104 0.5319021739130435 0.020018181818181817 0.1897554347826087
0 0.9697454545454546 0.28133152173913045 0.06029090909090908 0.08983695652173913
0 0.2104 0.14945652173913043 0.04194545454545454 0.0372554347826087
0 0.6870909090909091 0.22573369565217388 0.0712 0.07722826086956522
0 0.9074545454545455 0.15239130434782608 0.04747272727272727 0.03831521739130435
0 0.781290909090909 0.935733695652174 0.29159999999999997 0.12853260869565217
0 0.38990909090909087 0.118125 0.027981818181818184 0.028559782608695652
0 0.5902181818181819 0.21002717391304349 0.05572727272727272 0.049809782608695646
0 0.931890909090909 0.24684782608695652 0.056018181818181814 0.06497282608695652
0 0.1572181818181818 0.28532608695652173 0.0796 0.06209239130434783
0 0.8113272727272728 0.9125271739130435 0.1562181818181818 0.10497282608695653