0 0.7300490196078432 0.9173529411764705 0.18611111111111112 0.12811274509803922
0 0.6635457516339869 0.7879411764705883 0.19571895424836602 0.1403921568627451
0 0.8755718954248366 0.6350980392156863 0.18369281045751634 0.12894607843137254
0 0.5169117647058824 0.693578431372549 0.19102941176470586 0.1289950980392157
0 0.4323692810457517 0.5538480392156863 0.17975490196078434 0.12497549019607844
0 0.7769117647058824 0.7099509803921569 0.21851307189542482 0.16887254901960785
0 0.22895424836601308 0.6243627450980392 0.18898692810457515 0.12034313725490196
0 0.06258169934640523 0.6224754901960784 0.12433006535947713 0.13151960784313724
0 0.6691339869281046 0.280906862745098 0.1688235294117647 0.11904411764705883
0 0.7425816993464052 0.38901960784313727 0.1634640522875817 0.10031862745098039
0 0.2706862745098039 0.7138480392156863 0.17965686274509804 0.11997549019607844
0 0.2277124183006536 0.5012745098039216 0.16013071895424835 0.11414215686274509
0 0.783202614379085 0.5359558823529411 0.18627450980392157 0.10625
0 0.542532679738562 0.49080882352941174 0.1775326797385621 0.11730392156862746
0 0.3249019607843137 0.44580882352941176 0.1413235294117647 0.10713235294117647
0 0.9594607843137256 0.7472058823529412 0.07908496732026143 0.1213235294117647
0 0.03908496732026144 0.0217156862745098 0.07816993464052288 0.04340686274509804
0 0.9164705882352941 0.8657843137254903 0.1670751633986928 0.13308823529411765
0 0.05276143790849673 0.19676470588235295 0.10254901960784313 0.09691176470588235
0 0.3183006535947713 0.37166666666666665 0.1528921568627451 0.10583333333333333
0 0.5952450980392158 0.4364460784313725 0.15753267973856208 0.11208333333333333
0 0.4277777777777778 0.808235294117647 0.1881045751633987 0.13470588235294118
0 0.12553921568627452 0.39509803921568626 0.17534313725490197 0.12502450980392157
0 0.9573856209150327 0.22176470588235295 0.0843954248366013 0.09115196078431372
0 0.6234640522875817 0.6093627450980392 0.181078431372549 0.10975490196078432
0 0.45223856209150326 0.19367647058823528 0.1371732026143791 0.08205882352941175
0 0.8855392156862746 0.3479656862745098 0.15354575163398693 0.08928921568627451
0 0.2657516339869281 0.09838235294117648 0.13745098039215686 0.10308823529411765
0 0.8131045751633987 0.041715686274509806 0.12434640522875816 0.07948529411764706
0 0.4452287581699347 0.2508578431372549 0.1267156862745098 0.10181372549019607
0 0.7418300653594772 0.13541666666666666 0.13202614379084968 0.0913235294117647
0 0.4982026143790849 0.34875 0.1713888888888889 0.09063725490196077
0 0.9037254901960785 0.4344117647058824 0.11070261437908496 0.09681372549019608
0 0.2652124183006536 0.29600490196078433 0.1417483660130719 0.08519607843137254
0 0.21540849673202617 0.20019607843137258 0.15529411764705883 0.10732843137254902
0 0.9682189542483659 0.5757843137254902 0.06227124183006536 0.10642156862745099
0 0.0534640522875817 0.7244362745098039 0.10320261437908496 0.13063725490196076
0 0.5174673202614379 0.07877450980392157 0.10862745098039216 0.09862745098039216
0 0.11076797385620916 0.12183823529411765 0.12200980392156863 0.12267156862745097
0 0.08212418300653594 0.5277205882352941 0.16348039215686275 0.13973039215686275
0 0.3447058823529412 0.06615196078431372 0.10418300653594771 0.07705882352941176
0 0.1759640522875817 0.03377450980392157 0.1455392156862745 0.06757352941176471
0 0.2575326797385621 0.14625 0.14287581699346405 0.09276960784313726
0 0.6395098039215686 0.20931372549019608 0.09580065359477125 0.0582843137254902
0 0.08204248366013073 0.31299019607843137 0.16099673202614379 0.08563725490196078
0 0.04714052287581699 0.3291176470588235 0.09308823529411764 0.07088235294117648
0 0.019493464052287583 0.11821078431372549 0.03519607843137255 0.06227941176470588
0 0.24885620915032683 0.26455882352941174 0.10130718954248366 0.06178921568627451
0 0.040179738562091505 0.45801470588235293 0.08034313725490197 0.08644607843137256
0 0.05844771241830066 0.67125 0.11240196078431373 0.17026960784313724
0 0.06008169934640523 0.48806372549019605 0.11707516339869282 0.11848039215686275
0 0.3457516339869281 0.044387254901960785 0.10055555555555555 0.04840686274509804
0 0.09563725490196079 0.3339705882352941 0.14477124183006534 0.06919117647058824
0 0.6569281045751635 0.24524509803921568 0.1478921568627451 0.12458333333333332
0 0.15983660130718952 0.9454901960784313 0.22287581699346407 0.10899509803921568