0 0.6844833333333332 0.9365549999999999 0.10806333333333333 0.12689
0 0.12002666666666666 0.6405449999999999 0.07214333333333334 0.076225
0 0.13636666666666666 0.42574 0.06491 0.05705
0 0.30951 0.74045 0.0839 0.102835
0 0.21582333333333334 0.5885900000000001 0.06603666666666667 0.07604999999999999
0 0.08501666666666667 0.6841649999999999 0.07378 0.07568000000000001
0 0.6583666666666667 0.8280599999999999 0.08931 0.133015
0 0.21669666666666668 0.973375 0.12498333333333334 0.05325
0 0.27823000000000003 0.53652 0.06568666666666667 0.07663500000000001
0 0.45542 0.826885 0.08471333333333333 0.102655
0 0.3633633333333333 0.65603 0.09434333333333332 0.103535
0 0.44228999999999996 0.90901 0.10270666666666667 0.116345
0 0.030520000000000002 0.691945 0.061040000000000004 0.20129499999999997
0 0.45473 0.73841 0.07384 0.082345
0 0.45164000000000004 0.97368 0.10781666666666666 0.05264
0 0.49944 0.6716799999999999 0.07101666666666667 0.07953
0 0.9751066666666667 0.319005 0.038213333333333335 0.038645000000000006
0 0.5499233333333333 0.59084 0.055080000000000004 0.06887
0 0.9812866666666668 0.39358499999999996 0.03613333333333334 0.03401
0 0.5075833333333334 0.62603 0.06583333333333333 0.0719
0 0.8050266666666667 0.393795 0.04846333333333333 0.0471
0 0.7144933333333333 0.57171 0.05502666666666667 0.059725
0 0.5873133333333334 0.55536 0.05325666666666667 0.06754
0 0.4434533333333333 0.873965 0.08985666666666667 0.052505
0 0.6890666666666666 0.359925 0.04133333333333333 0.034675
0 0.66611 0.6865650000000001 0.08345333333333334 0.08329
0 0.7188233333333333 0.552235 0.05814999999999999 0.08061499999999999
0 0.9088066666666667 0.416485 0.034550000000000004 0.049845
0 0.6711333333333334 0.71023 0.07445333333333334 0.07534
0 0.95943 0.365045 0.042899999999999994 0.03127
0 0.9448333333333333 0.40311 0.03385 0.040695
0 0.6227533333333334 0.52496 0.04828333333333333 0.05942
0 0.5893533333333333 0.37129500000000004 0.046876666666666664 0.03202
0 0.81811 0.46269499999999997 0.05293 0.057015
0 0.10270000000000001 0.6609299999999999 0.0959 0.11593
0 0.8475666666666666 0.40825 0.03750333333333333 0.048170000000000004
0 0.06646 0.688115 0.10695666666666667 0.12207
0 0.8162699999999999 0.361305 0.037406666666666664 0.01909
0 0.6525833333333333 0.744085 0.06776 0.056924999999999996
0 0.8635 0.44177999999999995 0.05627 0.041135
0 0.7666466666666667 0.49239 0.05856 0.06906999999999999
0 0.31898000000000004 0.379095 0.04146333333333333 0.015314999999999999
0 0.6602666666666667 0.62076 0.06881 0.071865
0 0.9721200000000001 0.34496 0.028800000000000003 0.020005
0 0.7902066666666666 0.48184 0.10260000000000001 0.090705
0 0.6705833333333333 0.39992500000000003 0.04077333333333333 0.037375
0 0.5938933333333334 0.47326999999999997 0.0476 0.06007
0 0.12599000000000002 0.42862 0.04364666666666667 0.038915
0 0.9514033333333334 0.35746 0.03451333333333333 0.019254999999999998
0 0.8152166666666667 0.43449 0.06627333333333334 0.114605
0 0.99043 0.362315 0.01681 0.034825
0 0.69284 0.5926699999999999 0.09902999999999999 0.09413500000000001
0 0.9710033333333334 0.3846 0.03905333333333333 0.023965
0 0.65688 0.438995 0.043286666666666675 0.03896
0 0.68025 0.591715 0.05009 0.03388
0 0.6469633333333333 0.6723150000000001 0.07206 0.07252
0 0.6805966666666666 0.61249 0.056159999999999995 0.06675
0 0.7417566666666666 0.344505 0.03495666666666667 0.01889
0 0.5643 0.57513 0.08478333333333334 0.094875
0 0.6672233333333334 0.49583 0.05385 0.053395000000000005
0 0.7694899999999999 0.434025 0.04068666666666667 0.035425
0 0.95173 0.39505 0.03911333333333333 0.034375
0 0.9906 0.328425 0.015246666666666667 0.025125
0 0.4037033333333333 0.437455 0.03265333333333333 0.017725
0 0.8793766666666667 0.43571 0.021916666666666668 0.037630000000000004