0 0.36313333333333336 0.6972704590818363 0.09087 0.1146756487025948
0 0.70229 0.8099101796407185 0.10919333333333332 0.12995508982035928
0 0.22636666666666666 0.6650199600798403 0.09664333333333333 0.137874251497006
0 0.7553700000000001 0.9541666666666667 0.13166333333333333 0.09166666666666666
0 0.12548 0.833502994011976 0.13091 0.17171656686626746
0 0.97023 0.5717465069860279 0.05808666666666666 0.08832834331337325
0 0.15595666666666666 0.5817115768463074 0.07904666666666667 0.09533932135728543
0 0.030113333333333336 0.7616417165668662 0.06022666666666667 0.13570359281437125
0 0.8851333333333333 0.5847455089820359 0.08432 0.0894810379241517
0 0.06112666666666666 0.5293612774451097 0.0764 0.09327345309381237
0 0.6727933333333334 0.7063922155688622 0.08487333333333333 0.10827844311377247
0 0.7627333333333333 0.5907135728542914 0.08315333333333333 0.09151696606786427
0 0.31213 0.5229640718562875 0.06546666666666667 0.07843812375249501
0 0.05161333333333334 0.45919660678642715 0.07167 0.07996506986027944
0 0.13108666666666666 0.4652894211576847 0.07188333333333334 0.08530938123752495
0 0.22183999999999998 0.47229041916167663 0.06423 0.06994510978043912
0 0.6472133333333334 0.6384830339321357 0.08773333333333333 0.09149201596806388
0 0.8794166666666666 0.47874750499001995 0.06623666666666667 0.06787425149700599
0 0.9347399999999999 0.5157385229540918 0.07035000000000001 0.07881736526946108
0 0.014546666666666666 0.6322405189620759 0.02737 0.10246506986027944
0 0.41675666666666666 0.5516417165668662 0.06518666666666667 0.08522455089820359
0 0.77706 0.46855788423153694 0.06078 0.0660129740518962
0 0.8602233333333333 0.38357285429141713 0.04827 0.05736526946107784
0 0.6924633333333333 0.48666167664670656 0.057133333333333335 0.06163672654690618
0 0.15132666666666666 0.39092315369261477 0.04554333333333333 0.05200598802395209
0 0.20716666666666667 0.3987774451097804 0.057453333333333335 0.0660129740518962
0 0.6028800000000001 0.5568662674650698 0.06579333333333333 0.08585828343313373
0 0.9572866666666667 0.5542614770459082 0.07654666666666667 0.11910179640718563
0 0.25997666666666663 0.3029191616766467 0.02977 0.03392714570858283
0 0.26683 0.43290419161676646 0.05592 0.06470558882235529
0 0.43007 0.4818812375249501 0.05573333333333333 0.06928143712574851
0 0.2810533333333333 0.32777944111776447 0.034416666666666665 0.04416666666666667
0 0.20163 0.3503642714570858 0.047093333333333334 0.041691616766467064
0 0.7716700000000001 0.37439121756487026 0.037329999999999995 0.05079840319361277
0 0.6651766666666666 0.43313373253493015 0.052783333333333335 0.0694311377245509
0 0.5762433333333333 0.4574051896207585 0.05373666666666667 0.07254491017964072
0 0.22009333333333334 0.44003493013972056 0.07542 0.13458582834331337
0 0.7400866666666668 0.4259930139720559 0.05008666666666666 0.056736526946107785
0 0.6008433333333333 0.5142215568862275 0.06270666666666667 0.07662674650698603
0 0.3470666666666667 0.46038423153692615 0.05335 0.05834331337325349
0 0.93093 0.46814371257485027 0.09214333333333334 0.15805888223552894
0 0.7193933333333333 0.3972255489021956 0.044120000000000006 0.05264471057884232
0 0.5921833333333333 0.4931736526946108 0.06269666666666666 0.06356287425149701
0 0.74128 0.3471756487025948 0.03229666666666667 0.040189620758483036
0 0.32100666666666666 0.357315369261477 0.04144333333333333 0.058233532934131735
0 0.7121366666666666 0.3176047904191617 0.038233333333333334 0.048697604790419166
0 0.3796 0.22384231536926147 0.025473333333333334 0.024176646706586827
0 0.18137 0.3885379241516966 0.10318666666666666 0.07260479041916168
0 0.5543533333333334 0.36381736526946107 0.04466333333333334 0.057979041916167665
0 0.7560266666666666 0.3048453093812375 0.04685 0.03581836327345309
0 0.5774433333333333 0.3949451097804391 0.050596666666666665 0.058213572854291414
0 0.11445999999999999 0.8669111776447106 0.10930333333333334 0.09660179640718564
0 0.5993499999999999 0.2292564870259481 0.0245 0.023198602794411178
0 0.30255666666666664 0.25885229540918164 0.02828333333333333 0.03191117764471058
0 0.6513433333333333 0.6060479041916168 0.08285666666666666 0.04250998003992016
0 0.7659433333333333 0.3168413173652695 0.034949999999999995 0.042579840319361274