0 0.8188809523809524 0.7695178571428571 0.15264285714285714 0.21773214285714287
0 0.93225 0.3205357142857143 0.07280952380952381 0.08425
0 0.6923452380952382 0.9329285714285716 0.16825 0.13416071428571427
0 0.6185595238095238 0.8493928571428572 0.1657142857142857 0.24908928571428574
0 0.0879404761904762 0.9339464285714285 0.15920238095238093 0.13210714285714287
0 0.6774642857142857 0.3121785714285714 0.06088095238095238 0.06405357142857142
0 0.9540595238095237 0.9561607142857144 0.08936904761904761 0.08591071428571428
0 0.3700952380952381 0.9395357142857143 0.14576190476190476 0.11867857142857141
0 0.59225 0.26110714285714287 0.051404761904761904 0.054660714285714285
0 0.9427261904761904 0.9000714285714286 0.11453571428571428 0.158125
0 0.5175 0.22025 0.03919047619047619 0.040910714285714286
0 0.08076190476190477 0.8301785714285714 0.13330952380952382 0.1265
0 0.3538333333333334 0.8585892857142857 0.15810714285714286 0.176625
0 0.6953095238095237 0.23119642857142858 0.04798809523809524 0.055660714285714286
0 0.9279404761904763 0.806125 0.14411904761904762 0.17076785714285714
0 0.6058928571428571 0.1908392857142857 0.03380952380952381 0.03585714285714285
0 0.5614761904761905 0.4593392857142857 0.1095 0.11589285714285716
0 0.6174523809523809 0.5591785714285714 0.06567857142857143 0.13860714285714287
0 0.36186904761904765 0.7644464285714285 0.13967857142857143 0.08753571428571429
0 0.5704404761904762 0.7219107142857143 0.1296904761904762 0.14001785714285714
0 0.33090476190476187 0.7116071428571429 0.11892857142857144 0.12992857142857145
0 0.08484523809523808 0.774875 0.12766666666666665 0.10483928571428572
0 0.6489999999999999 0.17094642857142858 0.035023809523809527 0.028035714285714285
0 0.4674761904761905 0.3490892857142857 0.07591666666666667 0.07808928571428571
0 0.7029761904761904 0.15957142857142856 0.0370952380952381 0.03703571428571428
0 0.06938095238095238 0.7120535714285714 0.10827380952380952 0.089375
0 0.30460714285714285 0.6367321428571429 0.11903571428571429 0.13623214285714286
0 0.09954761904761905 0.3610178571428571 0.07698809523809524 0.06864285714285714
0 0.07309523809523809 0.5402142857142856 0.1050952380952381 0.1065
0 0.5501309523809524 0.18073214285714284 0.033035714285714286 0.03553571428571428
0 0.07810714285714286 0.673625 0.11873809523809523 0.09191071428571429
0 0.6620238095238096 0.16858928571428572 0.05395238095238095 0.03764285714285714
0 0.41530952380952385 0.31291071428571426 0.049357142857142856 0.05941071428571429
0 0.07425 0.6323214285714286 0.11695238095238095 0.13549999999999998
0 0.2754404761904762 0.5533035714285715 0.09917857142857144 0.09460714285714285
0 0.486047619047619 0.5882321428571429 0.12976190476190477 0.14166071428571428
0 0.1473095238095238 0.21589285714285716 0.03910714285714286 0.046892857142857146
0 0.09722619047619048 0.2780714285714286 0.052404761904761905 0.050125
0 0.5217857142857143 0.167625 0.028226190476190478 0.028839285714285713
0 0.592297619047619 0.5281964285714286 0.07842857142857142 0.10530357142857143
0 0.9390595238095237 0.8519107142857143 0.12188095238095238 0.086625
0 0.7037976190476191 0.3052321428571429 0.12146428571428572 0.07301785714285715
0 0.0803452380952381 0.4730892857142857 0.08941666666666667 0.090625
0 0.5115833333333334 0.6367678571428571 0.09865476190476191 0.09689285714285714
0 0.48938095238095236 0.19819642857142855 0.03820238095238096 0.03666071428571429
0 0.39367857142857143 0.48594642857142856 0.08930952380952381 0.09566071428571428
0 0.6762857142857144 0.1657142857142857 0.029738095238095237 0.03164285714285714
0 0.10323809523809524 0.4369642857142857 0.06833333333333333 0.08275
0 0.8558928571428572 0.12033928571428572 0.02439285714285714 0.02510714285714286
0 0.21851190476190477 0.35842857142857143 0.08664285714285715 0.06803571428571428
0 0.24152380952380953 0.4288214285714285 0.09038095238095238 0.09592857142857143
0 0.6580357142857143 0.14701785714285714 0.030166666666666668 0.027160714285714288
0 0.06778571428571428 0.5990892857142858 0.09972619047619047 0.06230357142857143
0 0.4125595238095238 0.44207142857142856 0.07801190476190477 0.05958928571428571
0 0.4854523809523809 0.4173928571428572 0.06157142857142857 0.08435714285714287
0 0.08982142857142858 0.332625 0.07929761904761905 0.07478571428571429
0 0.24839285714285714 0.4624821428571429 0.0817857142857143 0.06869642857142857
0 0.6649880952380953 0.14871428571428572 0.04467857142857143 0.04592857142857143
0 0.610452380952381 0.7808571428571428 0.14951190476190476 0.10425000000000001
0 0.42644047619047615 0.5275535714285714 0.10978571428571428 0.10994642857142857
0 0.4945952380952381 0.7280714285714286 0.06332142857142857 0.12849999999999998
0 0.8355 0.10450000000000001 0.024749999999999998 0.017214285714285717
0 0.2637738095238095 0.5236428571428572 0.09842857142857143 0.09723214285714286
0 0.4937976190476191 0.7741071428571429 0.05840476190476191 0.14617857142857144
0 0.5916071428571429 0.16187500000000002 0.027047619047619046 0.03075
0 0.491 0.20923214285714287 0.024833333333333332 0.02725
0 0.2408095238095238 0.6454285714285715 0.040464285714285717 0.10669642857142857
0 0.6028214285714286 0.17675000000000002 0.03660714285714286 0.04057142857142857
0 0.473 0.3693928571428572 0.06726190476190476 0.06253571428571429
0 0.21125 0.31737499999999996 0.064 0.060750000000000005
0 0.9321309523809523 0.768 0.13254761904761905 0.085125