0 0.5897619047619047 0.7883928571428571 0.11851190476190476 0.1477857142857143
0 0.5007619047619047 0.90875 0.1523452380952381 0.17525
0 0.05836904761904762 0.8784464285714286 0.11391666666666667 0.1686607142857143
0 0.22095238095238096 0.7287678571428572 0.12083333333333333 0.1335
0 0.7028095238095238 0.9346964285714284 0.1488095238095238 0.13062500000000002
0 0.36069047619047623 0.52375 0.08549999999999999 0.09355357142857143
0 0.27604761904761904 0.9192857142857142 0.14842857142857144 0.15705357142857143
0 0.9585 0.7839642857142857 0.08210714285714285 0.1573392857142857
0 0.9643095238095238 0.6362678571428572 0.07041666666666667 0.13785714285714287
0 0.7447976190476191 0.800125 0.10764285714285715 0.1443392857142857
0 0.1823452380952381 0.94925 0.16638095238095238 0.09901785714285714
0 0.28051190476190474 0.8218392857142858 0.17032142857142857 0.1574107142857143
0 0.4516785714285715 0.6884821428571429 0.09669047619047619 0.12701785714285713
0 0.8047738095238095 0.6364464285714286 0.09802380952380953 0.10435714285714286
0 0.9348452380952381 0.4995892857142857 0.09923809523809524 0.12639285714285714
0 0.3983333333333334 0.4642857142857143 0.07910714285714286 0.09125
0 0.9375833333333334 0.26917857142857143 0.05144047619047619 0.05316071428571428
0 0.48738095238095236 0.6266428571428572 0.10522619047619047 0.14660714285714285
0 0.8935 0.6345 0.10523809523809524 0.1475357142857143
0 0.6206785714285714 0.6816785714285715 0.1295952380952381 0.16980357142857144
0 0.7741190476190476 0.6932857142857143 0.10759523809523809 0.07623214285714286
0 0.8111904761904761 0.5474107142857143 0.08872619047619047 0.09973214285714287
0 0.41173809523809524 0.39732142857142855 0.06855952380952382 0.06953571428571428
0 0.08286904761904762 0.15898214285714285 0.026714285714285715 0.019321428571428573
0 0.7837380952380952 0.4857857142857143 0.07704761904761905 0.09733928571428571
0 0.9809285714285715 0.19198214285714288 0.03727380952380952 0.05307142857142857
0 0.3554523809523809 0.8186964285714287 0.0646904761904762 0.15396428571428572
0 0.8776428571428572 0.43373214285714284 0.06729761904761905 0.07714285714285715
0 0.045464285714285714 0.16310714285714287 0.027749999999999997 0.027357142857142858
0 0.7558928571428571 0.4291428571428571 0.07638095238095238 0.08285714285714285
0 0.49516666666666664 0.5269821428571428 0.11202380952380951 0.11291071428571428
0 0.8442261904761904 0.19701785714285713 0.04071428571428572 0.0385
0 0.02817857142857143 0.16601785714285713 0.027690476190476192 0.02885714285714286
0 0.8666904761904761 0.22105357142857143 0.04310714285714286 0.048875
0 0.9312380952380952 0.1563392857142857 0.03457142857142857 0.03471428571428572
0 0.7877857142857143 0.14639285714285716 0.03653571428571429 0.04139285714285714
0 0.5195595238095239 0.4626785714285715 0.07830952380952381 0.05610714285714286
0 0.8371309523809525 0.3886071428571429 0.06586904761904762 0.07292857142857144
0 0.006107142857142857 0.16676785714285713 0.012202380952380952 0.026232142857142857
0 0.5295357142857143 0.4098392857142857 0.06999999999999999 0.07092857142857142
0 0.40786904761904763 0.9801071428571428 0.11775 0.039589285714285716
0 0.41077380952380954 0.1422857142857143 0.03336904761904762 0.021875
0 0.9176071428571428 0.19975 0.0404047619047619 0.048357142857142855
0 0.41546428571428573 0.3188392857142857 0.05069047619047619 0.032035714285714285
0 0.027464285714285715 0.1754642857142857 0.02788095238095238 0.023375
0 0.6734642857142857 0.5503928571428572 0.0876547619047619 0.09503571428571428
0 0.6308095238095238 0.3633035714285714 0.07183333333333333 0.09271428571428572
0 0.4186309523809524 0.345125 0.05927380952380952 0.0325
0 0.6288571428571429 0.6385 0.1374166666666667 0.09912499999999999
0 0.41500000000000004 0.3320714285714286 0.05809523809523809 0.053089285714285714
0 0.41875 0.27185714285714285 0.05064285714285714 0.027982142857142858
0 0.7095595238095238 0.3139642857142857 0.07761904761904763 0.08335714285714285
0 0.3829642857142857 0.21191071428571429 0.04590476190476191 0.038267857142857145
0 0.8308571428571428 0.13017857142857145 0.028428571428571428 0.02871428571428571
0 0.8849642857142858 0.12126785714285714 0.03239285714285715 0.038464285714285715
0 0.4176190476190476 0.16480357142857144 0.04055952380952381 0.032
0 0.4120595238095238 0.29825 0.04740476190476191 0.022875
0 0.720654761904762 0.3588571428571429 0.06927380952380952 0.06833928571428571
0 0.8122142857142857 0.33808928571428576 0.06669047619047619 0.07769642857142857
0 0.4138809523809524 0.2815 0.05189285714285715 0.04446428571428571
0 0.7416309523809524 0.09280357142857143 0.027952380952380954 0.03432142857142857
0 0.37882142857142853 0.8403392857142856 0.025083333333333332 0.09610714285714286
0 0.4133928571428571 0.15614285714285714 0.040202380952380955 0.02942857142857143
0 0.4722857142857143 0.0717142857142857 0.023714285714285716 0.019464285714285715
0 0.4160952380952381 0.11608928571428573 0.034273809523809526 0.027589285714285712
0 0.30802380952380953 0.7110000000000001 0.06896428571428571 0.06994642857142858
0 0.41930952380952385 0.108875 0.03179761904761905 0.020071428571428573
0 0.7822976190476191 0.30600000000000005 0.052750000000000005 0.04946428571428571
0 0.5056785714285714 0.2947321428571429 0.06513095238095239 0.058875
0 0.5119285714285714 0.33785714285714286 0.06744047619047619 0.10301785714285713
0 0.3948928571428571 0.44201785714285713 0.07309523809523809 0.0465
0 0.41974999999999996 0.18580357142857143 0.03852380952380952 0.023375
0 0.5104285714285715 0.31155357142857143 0.05738095238095239 0.04582142857142857
0 0.5251309523809524 0.3689107142857143 0.06951190476190476 0.05839285714285715
0 0.7427261904761905 0.5688035714285714 0.06351190476190477 0.07032142857142858