0 0.1421554683668465 0.9116500920810313 0.179048553212359 0.17374953959484346
0 0.04468366846493379 0.6931197053406998 0.08936733692986758 0.14726703499079188
0 0.9131289847964688 0.920950276243094 0.1716871015203531 0.15543278084714549
0 0.20854095144678764 0.8297127071823205 0.13452427660617952 0.15990423572744014
0 0.7906522805296714 0.7070165745856354 0.11866110838646395 0.13805893186003682
0 0.9285139774399216 0.6135027624309393 0.13361206473761647 0.12421731123388582
0 0.24743256498283472 0.7264235727440147 0.1257748896517901 0.14711233885819522
0 0.8509073075036783 0.8148839779005524 0.15803580186365868 0.16581215469613259
0 0.6382270720941638 0.9150423572744015 0.19306522805296716 0.16991528545119705
0 0.7379622363903874 0.6415064456721915 0.11379843060323688 0.1341546961325967
0 0.0777415399705738 0.5779889502762431 0.10280039234919079 0.12133701657458563
0 0.954377145659637 0.44135174953959483 0.080951446787641 0.11020257826887661
0 0.7152525747915646 0.5581399631675874 0.10631927415399706 0.11640883977900553
0 0.809776851397744 0.4688692449355433 0.0931535066208926 0.10202946593001841
0 0.25838401177047576 0.5971712707182321 0.1144041196665032 0.18139226519337018
0 0.8648921039725356 0.5243388581952118 0.10163315350662089 0.11023204419889501
0 0.5597694948504168 0.6865819521178637 0.10345757724374693 0.12267403314917127
0 0.5419274153997058 0.5952265193370165 0.1053261402648357 0.1359963167587477
0 0.11196174595389896 0.5346114180478821 0.08456596370769985 0.10622099447513812
0 0.14047081902893577 0.48464088397790056 0.0841785188818048 0.09637937384898712
0 0.284534085335949 0.4949244935543278 0.08326630701324178 0.0903646408839779
0 0.6678616969102501 0.4852338858195212 0.07842324668955371 0.09550644567219153
0 0.6521775380088278 0.4378895027624309 0.07773908778813143 0.0934475138121547
0 0.5467140755272192 0.4932707182320442 0.07659882295242766 0.079451197053407
0 0.9763070132417853 0.3975359116022099 0.04738842569887199 0.07133333333333333
0 0.5122461991172144 0.5513554327808472 0.08885483079941148 0.11136648250460406
0 0.012025502697400686 0.8212744014732966 0.02222658165767533 0.17952854511970534
0 0.9301078960274645 0.35916758747697974 0.05420549288867092 0.06838674033149171
0 0.8002280529671407 0.34386003683241256 0.06471554683668465 0.06799263351749539
0 0.6950024521824423 0.3506740331491713 0.05886463952918097 0.06634990791896869
0 0.5050613045610594 0.45369797421731123 0.07404364884747425 0.0910939226519337
0 0.9907479156449239 0.7150755064456722 0.01516429622363904 0.08767587476979742
0 0.916378126532614 0.3758453038674033 0.07231976459048553 0.09889134438305709
0 0.5697081902893575 0.7220147329650092 0.07611819519372241 0.08277716390423573
0 0.03365375183913683 0.4473480662983425 0.06674595389897009 0.0878232044198895
0 0.019450711132908288 0.35491344383057094 0.03677783227072094 0.06938121546961326
0 0.6476753310446297 0.29472191528545116 0.05217263364394311 0.05102762430939226
0 0.7269936243256497 0.3916279926335175 0.06448994605198627 0.06894659300184162
0 0.6212260912211869 0.38959484346224676 0.06484306032368808 0.0818011049723757
0 0.4963487003433055 0.39071823204419887 0.06833987248651299 0.059270718232044196
0 0.19098332515939187 0.4067476979742173 0.0718661108386464 0.08128913443830571
0 0.6668464933791074 0.32309760589318604 0.047797940166748404 0.05351381215469613
0 0.2983251593918587 0.4305745856353591 0.07598577734183423 0.10275138121546962
0 0.5816674840608141 0.34704235727440147 0.060524767042667973 0.06445303867403315
0 0.15116233447768515 0.43699447513812156 0.07265326140264836 0.056294659300184166
0 0.12506130456105935 0.33176795580110496 0.0674350171652771 0.09124125230202579
0 0.5959171162334478 0.3581767955801105 0.06981118195193722 0.08039779005524862
0 0.07623835213339872 0.4106629834254144 0.0628445316331535 0.07840147329650092
0 0.5566920058852379 0.6542430939226519 0.10245953898970082 0.05769429097605892
0 0.04216282491417361 0.33006998158379375 0.044693477194703284 0.05552486187845304
0 0.567709661598823 0.3051933701657459 0.05731976459048553 0.058069981583793735