0 0.1337890625 0.939663608562691 0.096982421875 0.12039755351681956
0 0.767373046875 0.849388379204893 0.083779296875 0.13943425076452598
0 0.628076171875 0.8667278287461774 0.0808203125 0.11821100917431193
0 0.45259765625 0.9487155963302752 0.081708984375 0.10235474006116208
0 0.907919921875 0.48006116207951066 0.06216796875 0.06131498470948012
0 0.91990234375 0.3408562691131498 0.0548046875 0.053012232415902145
0 0.75080078125 0.6596941896024465 0.06302734375 0.08273700305810397
0 0.48712890625 0.8274159021406727 0.077431640625 0.12249235474006116
0 0.744638671875 0.3172477064220183 0.043916015625 0.05045871559633028
0 0.723896484375 0.5348929663608563 0.056328125 0.0736085626911315
0 0.31279296875 0.9274006116207951 0.084833984375 0.11654434250764525
0 0.642578125 0.7262385321100917 0.072265625 0.11880733944954129
0 0.87830078125 0.3604434250764526 0.049912109375 0.0551223241590214
0 0.281796875 0.9727064220183486 0.08736328125 0.054587155963302755
0 0.595390625 0.9839755351681957 0.079755859375 0.032033639143730884
0 0.378076171875 0.6938379204892966 0.064130859375 0.0895565749235474
0 0.693876953125 0.46342507645259934 0.065400390625 0.07914373088685014
0 0.185908203125 0.2085932721712538 0.0337109375 0.0408256880733945
0 0.153701171875 0.18217125382262997 0.033642578125 0.03848623853211009
0 0.29283203125 0.5888990825688073 0.0561328125 0.0718348623853211
0 0.9859375 0.6335474006116207 0.028125 0.10605504587155963
0 0.989140625 0.3499235474006116 0.01705078125 0.04932721712538226
0 0.63751953125 0.6155963302752294 0.05166015625 0.08469418960244648
0 0.732080078125 0.20607033639143732 0.036611328125 0.03723241590214067
0 0.682734375 0.19674311926605503 0.03208984375 0.0327217125382263
0 0.353037109375 0.7634862385321101 0.07466796875 0.09321100917431192
0 0.28111328125 0.4863302752293578 0.052529296875 0.057140672782874616
0 0.40572265625 0.5846483180428135 0.054990234375 0.07899082568807339
0 0.508857421875 0.7037461773700305 0.0690625 0.10782874617737002
0 0.906875 0.3498318042813455 0.07365234375 0.06495412844036696
0 0.126376953125 0.1548776758409786 0.028798828125 0.03379204892966361
0 0.299775390625 0.4184097859327217 0.05265625 0.0682874617737003
0 0.6203125 0.5531345565749235 0.05361328125 0.06440366972477064
0 0.672294921875 0.426085626911315 0.0553125 0.060061162079510705
0 0.05658203125 0.10064220183486237 0.027060546875 0.029495412844036697
0 0.335439453125 0.8426146788990826 0.093232421875 0.08166666666666667
0 0.0875390625 0.11978593272171255 0.028544921875 0.03151376146788991
0 0.65384765625 0.380565749235474 0.04470703125 0.04883792048929664
0 0.617490234375 0.5040519877675841 0.053916015625 0.06185015290519878
0 0.623779296875 0.34787461773700307 0.047822265625 0.06816513761467889
0 0.59181640625 0.19954128440366972 0.03849609375 0.0336085626911315
0 0.104443359375 0.13900611620795106 0.026689453125 0.028899082568807338
0 0.638671875 0.21909785932721712 0.02935546875 0.03565749235474006
0 0.54763671875 0.1484862385321101 0.029443359375 0.030091743119266056
0 0.27728515625 0.3494954128440367 0.0460546875 0.04862385321100918
0 0.319716796875 0.879388379204893 0.08892578125 0.14571865443425075
0 0.086533203125 0.09350152905198776 0.03193359375 0.026223241590214066
0 0.21203125 0.23766055045871562 0.037685546875 0.0462691131498471
0 0.587373046875 0.31451070336391435 0.041982421875 0.05948012232415902
0 0.617509765625 0.23970948012232418 0.04015625 0.04770642201834862
0 0.228505859375 0.2630122324159021 0.04095703125 0.05188073394495413
0 0.51759765625 0.6265749235474005 0.06185546875 0.07837920489296636
0 0.302724609375 0.5353975535168195 0.050673828125 0.04498470948012233
0 0.152841796875 0.13256880733944953 0.02830078125 0.02408256880733945
0 0.356748046875 0.8314373088685015 0.07017578125 0.09564220183486238
0 0.255146484375 0.29741590214067276 0.03765625 0.047889908256880734
0 0.5565234375 0.2785626911314985 0.038115234375 0.04574923547400612
0 0.5971484375 0.4622782874617737 0.058271484375 0.06399082568807339
0 0.403447265625 0.4325382262996942 0.048564453125 0.0581651376146789
0 0.84564453125 0.3068501529051988 0.03888671875 0.02055045871559633
0 0.517509765625 0.5874770642201834 0.06962890625 0.10917431192660551
0 0.11505859375 0.14166666666666666 0.04337890625 0.03539755351681957
0 0.521875 0.13980122324159022 0.0233984375 0.028103975535168194
0 0.633544921875 0.1919724770642202 0.030986328125 0.03425076452599388
0 0.407236328125 0.5247706422018349 0.0495703125 0.06769113149847095
0 0.319228515625 0.8421100917431192 0.0641796875 0.05678899082568807
0 0.126162109375 0.1141743119266055 0.031005859375 0.034724770642201835
0 0.033134765625 0.0878440366972477 0.02673828125 0.029709480122324158
0 0.1230078125 0.14597859327217125 0.026025390625 0.028944954128440368
0 0.11677734375 0.10645259938837921 0.03361328125 0.0273394495412844
0 0.248798828125 0.28518348623853207 0.052587890625 0.07920489296636085
0 0.492373046875 0.24704892966360856 0.03970703125 0.04293577981651376
0 0.8560546875 0.30559633027522937 0.026357421875 0.023348623853211008
0 0.51701171875 0.5356422018348624 0.0704296875 0.10792048929663609
0 0.28556640625 0.3690825688073394 0.050087890625 0.030000000000000002
0 0.558916015625 0.3803669724770642 0.043603515625 0.054418960244648325