0 0.5442 0.065125 0.12985833333333335 0.11470000000000001
0 0.08755 0.8272375 0.1743333333333333 0.21368749999999997
0 0.068675 0.9225249999999999 0.13443333333333332 0.1549375
0 0.8651916666666667 0.7150749999999999 0.22265000000000001 0.27725
0 0.4397 0.9242125 0.2563083333333333 0.151225
0 0.26614166666666667 0.23804999999999998 0.14140833333333333 0.18946249999999998
0 0.10900000000000001 0.6806625 0.19698333333333332 0.242875
0 0.95545 0.0917125 0.08903333333333334 0.141425
0 0.8876333333333334 0.9009874999999999 0.2197666666666667 0.19204999999999997
0 0.8031083333333333 0.5431125 0.180225 0.2574625
0 0.9663833333333334 0.2799625 0.06493333333333333 0.1826875
0 0.15228333333333335 0.49685 0.16229166666666667 0.17225000000000001
0 0.21585 0.3263125 0.12561666666666668 0.13547499999999998
0 0.95855 0.2097 0.08164166666666667 0.1170125
0 0.20157499999999998 0.43479999999999996 0.14881666666666668 0.1722
0 0.7775166666666666 0.395625 0.14907499999999999 0.1548125
0 0.4424666666666667 0.6635375 0.1887083333333333 0.23155
0 0.4752416666666666 0.527975 0.1575 0.1268
0 0.4068083333333333 0.0618875 0.08429166666666667 0.1073625
0 0.32465 0.13835 0.11191666666666668 0.1485
0 0.43605 0.8350875000000001 0.22022499999999998 0.128725
0 0.7282166666666666 0.287775 0.134 0.1852875
0 0.5291833333333333 0.11525 0.11025833333333333 0.11421250000000001
0 0.48182500000000006 0.7160124999999999 0.18100833333333333 0.181675
0 0.5012333333333333 0.4439875 0.15205000000000002 0.21025
0 0.29085 0.16510000000000002 0.10121666666666666 0.09556250000000001
0 0.3365 0.0894 0.12054999999999999 0.1281125
0 0.7240833333333333 0.13855 0.113375 0.08761250000000001
0 0.8175416666666666 0.025474999999999998 0.08035833333333334 0.050687499999999996
0 0.61695 0.0328875 0.07959999999999999 0.06575
0 0.779875 0.0711125 0.0878 0.09895
0 0.5023583333333334 0.3181125 0.13595 0.1332875
0 0.5158833333333332 0.21530000000000002 0.13144166666666665 0.1076625
0 0.7479750000000001 0.11130000000000001 0.10634166666666667 0.117425
0 0.4467 0.038849999999999996 0.08163333333333332 0.0777125
0 0.5144083333333334 0.141625 0.12368333333333333 0.082925
0 0.7937333333333334 0.0349125 0.09830833333333333 0.0698125