0 0.34854615384615384 0.5723903002309468 0.08890769230769231 0.2965704387990762
0 0.5321615384615385 0.49875288683602775 0.08490769230769231 0.21409930715935335
0 0.28539230769230767 0.7648036951501155 0.23099230769230772 0.4675750577367206
0 0.8028461538461539 0.7386836027713627 0.19312307692307693 0.5226327944572748
0 0.4216153846153846 0.3951847575057737 0.038115384615384613 0.12628175519630486
0 0.09857692307692308 0.85675519630485 0.17966923076923078 0.2864896073903002
0 0.9009615384615385 0.4120438799076212 0.04823846153846154 0.11801385681293303
0 0.4423846153846154 0.8685565819861432 0.26587692307692307 0.2628983833718245
0 0.6786153846153846 0.39075057736720553 0.05454615384615384 0.10433025404157044
0 0.6011384615384615 0.38856812933025403 0.05252307692307692 0.10429561200923787
0 0.5448846153846154 0.3969745958429561 0.06409230769230768 0.1109930715935335
0 0.4731923076923077 0.3879561200923788 0.03997692307692308 0.08719399538106236
0 0.4547538461538461 0.39778290993071597 0.05119230769230769 0.07651270207852194
0 0.21756153846153845 0.46918013856812935 0.07792307692307691 0.15001154734411085
0 0.13744615384615386 0.4016974595842956 0.06485384615384615 0.1108083140877598
0 0.07636923076923077 0.44549653579676673 0.07543846153846154 0.15605080831408774
0 0.05492307692307693 0.3270323325635104 0.04736923076923077 0.09817551963048499
0 0.18688461538461537 0.41647806004618937 0.056115384615384616 0.10814087759815243
0 0.2616615384615385 0.442933025404157 0.07090769230769231 0.11483833718244804
0 0.13666923076923077 0.6078406466512702 0.11832307692307692 0.21651270207852194
0 0.3203846153846154 0.3903233256351039 0.050807692307692304 0.10290993071593534
0 0.2262076923076923 0.35871824480369513 0.03751538461538462 0.0676905311778291
0 0.18796923076923078 0.35643187066974596 0.03893846153846154 0.08767898383371825
0 0.3136 0.35854503464203236 0.03966153846153846 0.06055427251732101
0 0.35885384615384613 0.35466512702078523 0.022715384615384616 0.06780600461893764
0 0.3777923076923077 0.3421362586605081 0.02297692307692308 0.05587759815242494
0 0.4549076923076923 0.3496304849884526 0.02866153846153846 0.05023094688221709
0 0.4976769230769231 0.35741339491916857 0.030446153846153845 0.06861431870669746
0 0.716276923076923 0.4213625866050808 0.06130769230769231 0.10364896073903003
0 0.786823076923077 0.5230600461893765 0.10416923076923076 0.22087759815242494
0 0.8705461538461539 0.4747113163972287 0.05027692307692307 0.10747113163972286
0 0.9641615384615385 0.4627136258660508 0.07168461538461539 0.17200923787528868
0 0.9819615384615384 0.4047459584295612 0.036076923076923076 0.09951501154734411
0 0.9482 0.4082217090069284 0.044215384615384615 0.09978060046189376
0 0.8777538461538461 0.41145496535796766 0.06134615384615385 0.09621247113163972
0 0.840076923076923 0.42221709006928404 0.052761538461538464 0.08767898383371825
0 0.7978384615384616 0.4322517321016166 0.08736153846153846 0.11944572748267898
0 0.8239846153846154 0.37382217090069286 0.04060769230769231 0.057713625866050805
0 0.7354230769230768 0.38451501154734413 0.04266153846153846 0.06572748267898383
0 0.758723076923077 0.37309468822170905 0.04229230769230769 0.06915704387990762
0 0.6487076923076923 0.3912240184757506 0.03704615384615385 0.08069284064665126
0 0.638423076923077 0.3648960739030023 0.03131538461538461 0.06183602771362586
0 0.6936307692307693 0.3682678983833718 0.03406153846153846 0.0554041570438799