0 0.81729 0.5547532188841201 0.06974 0.4355579399141631
0 0.89158 0.5077467811158799 0.060094999999999996 0.35713519313304726
0 0.34103500000000003 0.6493347639484978 0.102315 0.6393776824034334
0 0.178655 0.6408154506437769 0.12259 0.6635515021459227
0 0.056755 0.717392703862661 0.099365 0.565225321888412
0 0.08137 0.5528111587982832 0.049375 0.47762875536480687
0 0.03244 0.41062231759656653 0.053685000000000004 0.22428111587982832
0 0.12485500000000001 0.4749570815450644 0.022865 0.15009656652360515
0 0.21143 0.40439914163090124 0.04176 0.11457081545064378
0 0.23629 0.6202789699570815 0.070935 0.48510729613733905
0 0.267875 0.6402038626609442 0.06416 0.5383261802575108
0 0.37332499999999996 0.6118884120171674 0.061915 0.5084871244635193
0 0.45054 0.6441416309012876 0.07354999999999999 0.5814484978540773
0 0.40590499999999996 0.9345493562231759 0.01177 0.00638412017167382
0 0.50236 0.5952896995708153 0.07590999999999999 0.530225321888412
0 0.389715 0.5862339055793991 0.030684999999999997 0.4586802575107296
0 0.451855 0.5564270386266095 0.03286 0.38699570815450646
0 0.46011 0.3795386266094421 0.033615 0.11710300429184549
0 0.52436 0.38265021459227466 0.021325 0.04643776824034335
0 0.516385 0.38246781115879824 0.024315 0.0634763948497854
0 0.5542699999999999 0.5432618025751073 0.05145 0.4431223175965665
0 0.603425 0.579195278969957 0.064455 0.4687124463519313
0 0.655495 0.5903326180257511 0.064045 0.40568669527897
0 0.73727 0.5655901287553649 0.071225 0.4703648068669528
0 0.6614 0.3901716738197425 0.031204999999999997 0.0692167381974249
0 0.6871 0.4112231759656652 0.01768 0.1480793991416309
0 0.713565 0.5553326180257512 0.06514 0.38599785407725323
0 0.6435599999999999 0.3990987124463519 0.023469999999999998 0.07932403433476395
0 0.77674 0.5441630901287554 0.048170000000000004 0.3733476394849785
0 0.79264 0.47834763948497855 0.022260000000000002 0.24945278969957083
0 0.801215 0.5318133047210301 0.04578 0.3196137339055794
0 0.957935 0.5105042918454936 0.057045 0.34665236051502146
0 0.755085 0.388412017167382 0.0256 0.059903433476394846
0 0.5868 0.4228755364806867 0.016079999999999997 0.07463519313304721
0 0.6038150000000001 0.39910944206008586 0.016465 0.039892703862660944
0 0.38358 0.388969957081545 0.019945 0.044302575107296134
0 0.330885 0.4205150214592275 0.031865 0.12097639484978541
0 0.133415 0.3738841201716738 0.04004 0.10298283261802575
0 0.26322500000000004 0.39468884120171677 0.01477 0.03974248927038627