0 0.560875 0.324002828854314 0.11568333333333333 0.5966053748231966
0 0.16825 0.8592927864214993 0.23918333333333333 0.2671004243281471
0 0.8049083333333333 0.3209052333804809 0.11496666666666668 0.5664922206506364
0 0.11395000000000001 0.4231824611032532 0.22790833333333335 0.7655304101838756
0 0.21084166666666665 0.2014427157001414 0.06991666666666667 0.3448939179632249
0 0.3011583333333333 0.3584441301272984 0.080125 0.5991089108910891
0 0.377875 0.29810466760961807 0.08820833333333333 0.5477227722772278
0 0.45636666666666664 0.31988684582743987 0.07853333333333333 0.6276379066478076
0 0.6981583333333333 0.24021216407355023 0.062099999999999995 0.48043847241867044
0 0.6612166666666667 0.20176803394625178 0.057275000000000006 0.3671711456859971
0 0.8235666666666667 0.06876944837340876 0.05578333333333333 0.12138613861386138
0 0.9462583333333333 0.27635077793493634 0.07496666666666667 0.5527015558698727
0 0.8826666666666667 0.11223479490806222 0.03589166666666667 0.22446958981612444
0 0.97165 0.0667043847241867 0.05670833333333333 0.1334087694483734
0 0.40319166666666667 0.07837340876944837 0.05078333333333333 0.15676096181046675
0 0.3083416666666667 0.05835926449787836 0.04438333333333333 0.08035360678925035
0 0.27235 0.06314002828854313 0.0343 0.09394625176803395