0 0.4815625 0.8235111111111111 0.21913125 0.3386777777777778
0 0.25318124999999997 0.7887111111111111 0.19586874999999998 0.3350333333333333
0 0.94460625 0.7627777777777778 0.11079375000000001 0.47444444444444445
0 0.70013125 0.7975888888888889 0.17684375 0.2285111111111111
0 0.27968125 0.5022777777777778 0.13595000000000002 0.2201
0 0.05285 0.8442333333333333 0.10570625 0.22402222222222223
0 0.16108125 0.6958555555555556 0.1312375 0.24283333333333335
0 0.43344375 0.7111555555555555 0.14791875 0.26454444444444447
0 0.5729500000000001 0.6901666666666666 0.09997500000000001 0.2358888888888889
0 0.794475 0.41921111111111115 0.15596875000000002 0.44064444444444445
0 0.10833125 0.5695777777777777 0.07574375 0.24358888888888888
0 0.54528125 0.3518222222222222 0.14465 0.14585555555555557
0 0.3943625 0.4741666666666667 0.08280625000000001 0.18166666666666667
0 0.05105625 0.7081888888888889 0.07369375 0.12526666666666667
0 0.35354375 0.3390666666666667 0.051175 0.10703333333333333