0 0.7432532051282051 0.6605408653846154 0.1985176282051282 0.67890625
0 0.4432291666666667 0.6392307692307693 0.20983974358974358 0.7215264423076923
0 0.052051282051282045 0.2555408653846154 0.03865384615384616 0.1788341346153846
0 0.3776842948717949 0.35875 0.08957532051282052 0.23579326923076924
0 0.9245112179487179 0.6978846153846153 0.15096955128205128 0.6042307692307692
0 0.0676522435897436 0.6192548076923077 0.12855769230769232 0.7339783653846154
0 0.2991666666666667 0.44933894230769234 0.07677083333333333 0.2767668269230769
0 0.6185016025641026 0.65515625 0.11129807692307693 0.6896875
0 0.46359775641025647 0.33741586538461543 0.1162099358974359 0.238125
0 0.31647435897435894 0.2591706730769231 0.04435897435897436 0.15376201923076924
0 0.2825160256410256 0.35533653846153845 0.037884615384615385 0.2860096153846154
0 0.10604967948717949 0.27414663461538463 0.026826923076923075 0.15967548076923077