0 0.2613 0.564162962962963 0.25556666666666666 0.6881037037037038
0 0.10609166666666667 0.10574814814814815 0.078875 0.2114814814814815
0 0.1755833333333333 0.09877037037037037 0.04691666666666666 0.1930814814814815
0 0.2710166666666667 0.14194074074074076 0.11852499999999999 0.2838814814814815
0 0.320675 0.10742222222222222 0.05925833333333333 0.20407407407407407
0 0.398525 0.12044444444444444 0.043408333333333333 0.24090370370370373
0 0.33769166666666667 0.10413333333333334 0.0322 0.20826666666666668
0 0.4471 0.12302222222222223 0.04389166666666667 0.24605925925925926
0 0.4051166666666667 0.12109629629629629 0.0478 0.24220740740740743
0 0.6895333333333333 0.1418074074074074 0.0827 0.18988148148148146
0 0.6512333333333333 0.1963111111111111 0.10739166666666668 0.18164444444444444