0 0.26549074074074075 0.7906805555555555 0.5309722222222223 0.41865277777777776
0 0.29974074074074075 0.5290416666666667 0.19639814814814816 0.4620277777777778
0 0.42383333333333334 0.4440972222222222 0.10859259259259259 0.4230277777777778
0 0.44607407407407407 0.2844305555555555 0.0895925925925926 0.22758333333333336
0 0.516 0.26330555555555557 0.0631574074074074 0.22106944444444443
0 0.5798148148148149 0.2965277777777778 0.06462037037037037 0.23472222222222222
0 0.7037037037037037 0.6307777777777778 0.36495370370370367 0.6742638888888889
0 0.6928425925925926 0.2528611111111111 0.04881481481481481 0.16445833333333332
0 0.7757037037037037 0.2595 0.06630555555555555 0.16994444444444445
0 0.8304444444444444 0.29983333333333334 0.08039814814814815 0.2107638888888889
0 0.8134166666666667 0.39493055555555556 0.09676851851851852 0.19461111111111112
0 0.8901481481481481 0.38409722222222226 0.08662962962962963 0.25627777777777777
0 0.9420925925925926 0.48461111111111116 0.11580555555555555 0.3263611111111111
0 0.3599907407407408 0.20558333333333334 0.07910185185185185 0.2205138888888889
0 0.39369444444444446 0.12484722222222222 0.049601851851851855 0.1948888888888889
0 0.43149074074074073 0.16319444444444445 0.03939814814814815 0.09759722222222221
0 0.46846296296296297 0.18259722222222222 0.04560185185185185 0.14594444444444443
0 0.5010555555555556 0.17059722222222223 0.04080555555555555 0.13384722222222223
0 0.5261111111111112 0.17593055555555556 0.027138888888888886 0.08493055555555555
0 0.5684444444444444 0.16704166666666667 0.04797222222222222 0.11552777777777778
0 0.5673611111111111 0.20352777777777778 0.04662962962962963 0.09302777777777778
0 0.6107777777777778 0.19475 0.023 0.09159722222222223
0 0.6422777777777777 0.19165277777777778 0.0287962962962963 0.06158333333333334
0 0.6216666666666667 0.14727777777777779 0.030481481481481484 0.03001388888888889
0 0.5521944444444444 0.09641666666666666 0.03181481481481482 0.08558333333333333
0 0.5334444444444445 0.14395833333333335 0.02087037037037037 0.05434722222222223
0 0.4789259259259259 0.09908333333333334 0.048462962962962965 0.11951388888888889
0 0.43098148148148147 0.08597222222222221 0.04473148148148148 0.11106944444444444
0 0.6547037037037038 0.2507083333333333 0.055768518518518516 0.10861111111111112