0 0.38539814814814816 0.7815185185185185 0.1087962962962963 0.43696296296296294
0 0.47717592592592595 0.5712469135802469 0.06961111111111112 0.13324691358024693
0 0.27912037037037035 0.6097407407407407 0.0502962962962963 0.15374074074074073
0 0.24978703703703703 0.5870617283950617 0.04627777777777777 0.08548148148148148
0 0.20217592592592593 0.7799876543209876 0.19325 0.4400123456790124
0 0.1308425925925926 0.8239876543209876 0.09859259259259259 0.35202469135802467
0 0.9157592592592593 0.8317654320987654 0.16847222222222222 0.3364814814814815
0 0.9588055555555556 0.6835555555555555 0.08238888888888889 0.21514814814814817
0 0.8935462962962962 0.7002222222222222 0.11132407407407408 0.28848148148148145
0 0.8228518518518518 0.6991851851851852 0.06824074074074074 0.2504197530864198
0 0.7991481481481482 0.6744074074074073 0.08524999999999999 0.21683950617283948
0 0.7392777777777777 0.5983703703703703 0.020888888888888887 0.05141975308641975