0 0.2258425925925926 0.8353950617283951 0.10100925925925926 0.32922222222222225
0 0.16012962962962962 0.8353827160493826 0.09382407407407407 0.320962962962963
0 0.18293518518518517 0.633716049382716 0.09312962962962963 0.15632098765432098
0 0.2503611111111111 0.7103456790123457 0.05897222222222222 0.2684320987654321
0 0.369287037037037 0.7550864197530864 0.08649074074074074 0.3784938271604938
0 0.3153240740740741 0.7466913580246914 0.08906481481481482 0.38228395061728393
0 0.4370740740740741 0.7734320987654322 0.06803703703703703 0.36579012345679013
0 0.7270185185185185 0.8307530864197531 0.10412962962962963 0.3384938271604938
0 0.6658703703703703 0.8178765432098766 0.08987037037037038 0.29419753086419753
0 0.922037037037037 0.8109382716049383 0.15592592592592594 0.31104938271604937
0 0.8188333333333334 0.8012222222222223 0.07787962962962963 0.36787654320987656
0 0.6656111111111112 0.6350246913580248 0.05849074074074074 0.10543209876543211
0 0.7314259259259259 0.649962962962963 0.051222222222222225 0.11061728395061728
0 0.48103703703703704 0.6579876543209877 0.06587962962962964 0.1019753086419753
0 0.03439814814814815 0.8545679012345679 0.06880555555555556 0.26881481481481484
0 0.8857314814814815 0.6408271604938273 0.03285185185185185 0.06351851851851852
0 0.9208425925925926 0.6729012345679012 0.051138888888888887 0.08555555555555555
0 0.9726296296296297 0.6630617283950618 0.02487962962962963 0.04381481481481482