0 0.20198507462686568 0.6534451901565995 0.40395522388059696 0.6931096196868008
0 0.7435970149253731 0.6649217002237137 0.4113432835820896 0.6424161073825504
0 0.7373283582089553 0.3889709172259508 0.10094029850746268 0.24695749440715883
0 0.950955223880597 0.2200447427293065 0.07477611940298508 0.11713646532438479
0 0.3852985074626865 0.4301118568232662 0.11505970149253732 0.3287919463087248
0 0.0677910447761194 0.43304250559284113 0.12797014925373135 0.31731543624161074
0 0.5832835820895522 0.479821029082774 0.20189552238805972 0.434496644295302
0 0.6366119402985074 0.3596644295302014 0.07170149253731344 0.17816554809843402
0 0.29523880597014923 0.5078747203579419 0.12444776119402984 0.3560626398210291
0 0.6857313432835821 0.4155480984340045 0.08377611940298507 0.15297539149888142
0 0.6024925373134329 0.30344519015659954 0.045014925373134326 0.09011185682326622
0 0.6649701492537313 0.37854586129753914 0.12044776119402985 0.2037360178970917
0 0.7178507462686566 0.41503355704697986 0.10485074626865672 0.16727069351230425
0 0.761179104477612 0.2162639821029083 0.041522388059701494 0.0996420581655481
0 0.6195671641791045 0.33565995525727066 0.07588059701492537 0.1543400447427293