0 0.8498600000000001 0.5434632683658172 0.30028 0.8545577211394303
0 0.52906 0.3891304347826087 0.28470999999999996 0.5833583208395803
0 0.18303 0.2638380809595202 0.13263 0.3853223388305847
0 0.08523 0.24884557721139428 0.09703 0.34776611694152926
0 0.34389 0.2962818590704648 0.17686000000000002 0.3976761619190405
0 0.63555 0.23413793103448274 0.15518 0.348335832083958
0 0.71756 0.16886056971514243 0.08170000000000001 0.28523238380809596
0 0.95704 0.20070464767616192 0.08567 0.3189505247376312
0 0.8186100000000001 0.09556221889055473 0.0713 0.11989505247376311
0 0.97596 0.24218890554722639 0.04808 0.32319340329835083
0 0.64402 0.08835082458770614 0.08211 0.13923538230884558
0 0.45482999999999996 0.11770614692653673 0.09625 0.1904497751124438
0 0.33746 0.11058470764617692 0.13649 0.13496251874062967