0 0.5319294117647059 0.7257321428571429 0.14789411764705881 0.5030535714285714
0 0.5864705882352941 0.5791785714285714 0.06870588235294117 0.2297857142857143
0 0.7463058823529412 0.5469642857142857 0.07728235294117647 0.19314285714285714
0 0.8112 0.5134821428571429 0.04757647058823529 0.18175
0 0.8934 0.5843928571428572 0.09515294117647058 0.2578392857142857
0 0.9656 0.5254821428571428 0.0688 0.2692142857142857
0 0.3296823529411765 0.5715714285714285 0.1442 0.2621785714285714
0 0.47938823529411767 0.4664107142857143 0.024858823529411763 0.08503571428571428
0 0.5312 0.4569107142857143 0.05490588235294118 0.09241071428571429
0 0.6120470588235294 0.5038571428571429 0.03881176470588236 0.12676785714285713
0 0.5770352941176471 0.4557857142857143 0.039400000000000004 0.08221428571428571
0 0.03990588235294118 0.5379821428571429 0.07981176470588236 0.1910535714285714
0 0.022011764705882356 0.4192857142857143 0.04403529411764706 0.084625
0 0.2707411764705882 0.40035714285714286 0.06731764705882352 0.07848214285714286
0 0.3194 0.4577142857142857 0.03944705882352941 0.10194642857142858
0 0.4567764705882353 0.44073214285714285 0.028470588235294116 0.06257142857142857
0 0.4312235294117647 0.4353214285714286 0.025729411764705883 0.038142857142857145
0 0.39337647058823527 0.41291071428571424 0.02375294117647059 0.045625
0 0.42857647058823534 0.4546428571428571 0.028682352941176468 0.04125
0 0.3881882352941176 0.46225000000000005 0.04163529411764706 0.052267857142857144
0 0.37536470588235293 0.42164285714285715 0.01803529411764706 0.04217857142857143
0 0.5400941176470588 0.4210892857142857 0.025729411764705883 0.049428571428571426
0 0.6270470588235294 0.42641071428571425 0.027376470588235294 0.060071428571428574
0 0.6935176470588236 0.4468214285714286 0.041800000000000004 0.09044642857142857
0 0.6687294117647058 0.4263035714285714 0.031517647058823525 0.05671428571428572
0 0.655635294117647 0.4507857142857143 0.03076470588235294 0.07432142857142857
0 0.6039294117647059 0.4607142857142857 0.04245882352941177 0.07219642857142856
0 0.5308941176470588 0.45325 0.05555294117647059 0.07191071428571429
0 0.4925294117647059 0.4339107142857143 0.03777647058823529 0.07067857142857142
0 0.012211764705882354 0.4938571428571429 0.02442352941176471 0.09446428571428571
0 0.10883529411764707 0.42574999999999996 0.036470588235294116 0.09989285714285714
0 0.24008235294117647 0.49310714285714285 0.05724705882352941 0.17448214285714284