0 0.714932 0.7640805288461539 0.151552 0.3662980769230769
0 0.452088 0.6831911057692307 0.11652799999999999 0.37679687500000003
0 0.286532 0.6546814903846154 0.14541600000000002 0.34783052884615384
0 0.04856 0.7656730769230768 0.097116 0.45082932692307687
0 0.185524 0.7035576923076923 0.066068 0.3854867788461539
0 0.119524 0.5674038461538461 0.07007200000000001 0.18128004807692305
0 0.188416 0.5061358173076923 0.055855999999999996 0.11884615384615384
0 0.043460000000000006 0.5214603365384616 0.075272 0.1414783653846154
0 0.518772 0.5777884615384615 0.087232 0.11390625
0 0.6422720000000001 0.6873918269230769 0.056896 0.30506610576923077
0 0.584512 0.68359375 0.10388399999999999 0.2734375
0 0.45085200000000003 0.8866165865384615 0.159392 0.2267608173076923
0 0.385608 0.8345372596153846 0.114232 0.33093149038461533
0 0.75658 0.6568028846153846 0.072176 0.1878064903846154
0 0.897584 0.6144110576923076 0.044856 0.07498197115384615
0 0.9849120000000001 0.6376682692307691 0.030175999999999998 0.10146033653846155
0 0.10929200000000001 0.6523737980769231 0.072024 0.3231730769230769
0 0.048536 0.4779927884615385 0.03476 0.07457932692307692
0 0.027476 0.46450120192307687 0.035308 0.06762620192307692