0 0.5335042735042735 0.7761833333333333 0.03688034188034188 0.19366666666666668
0 0.6564273504273505 0.7932666666666667 0.03478632478632479 0.20576666666666665
0 0.8544273504273504 0.5089166666666667 0.12271794871794874 0.2386
0 0.5743589743589743 0.7761166666666667 0.03958119658119658 0.19165
0 0.4308547008547009 0.7615833333333333 0.04523931623931624 0.18416666666666667
0 0.2484871794871795 0.7015333333333333 0.04625641025641025 0.15658333333333332
0 0.3021965811965812 0.7681166666666667 0.03411965811965812 0.28255
0 0.38335042735042735 0.6829666666666666 0.039914529914529914 0.05363333333333333
0 0.3503760683760684 0.7403 0.029196581196581195 0.16661666666666666
0 0.18985470085470085 0.7391166666666668 0.040316239316239316 0.2349
0 0.10635042735042735 0.7342 0.035521367521367524 0.19458333333333333
0 0.07330769230769231 0.7241 0.02464957264957265 0.19143333333333334
0 0.051675213675213674 0.7357166666666667 0.02452136752136752 0.21128333333333332
0 0.0324957264957265 0.7355166666666667 0.02499145299145299 0.21763333333333335
0 0.09270940170940171 0.717 0.016863247863247863 0.17386666666666664