0 0.9028546059933408 0.8230700298705609 0.1355538290788013 0.3460902754729505
0 0.28448390677025526 0.863063391968138 0.1463085460599334 0.27387321606372383
0 0.33090788013318534 0.6246531695984069 0.07715205327413985 0.10259541984732824
0 0.11902774694783574 0.7527547295054763 0.10076803551609323 0.28500165947560574
0 0.1065860155382908 0.9322402920677066 0.09372253052164263 0.1355227348157982
0 0.17646392896781354 0.644128775307003 0.047003329633740286 0.10376700962495851
0 0.24563374028856824 0.6613906405575838 0.08950499445061044 0.13606704281447063
0 0.18938290788013318 0.716133421838699 0.03488568257491676 0.043325589113840025
0 0.2125860155382908 0.6558579488881513 0.047216426193118756 0.09166611350813143
0 0.6956559378468368 0.7394523730501161 0.057702552719200884 0.28099236641221376
0 0.653149833518313 0.668815134417524 0.03932297447280799 0.2368171257882509