0 0.8729375 0.5708333333333333 0.25411249999999996 0.8583333333333333
0 0.7794625000000001 0.5583166666666667 0.2134625 0.57915
0 0.602025 0.5515666666666666 0.154875 0.52815
0 0.48105 0.5343833333333333 0.17345 0.5729333333333333
0 0.17065000000000002 0.6290333333333333 0.172975 0.6705666666666666
0 0.057374999999999995 0.6543166666666667 0.1147375 0.6419833333333334
0 0.2659375 0.5447666666666667 0.1119875 0.5270333333333334
0 0.1793 0.33671666666666666 0.0949625 0.1651
0 0.3817125 0.44978333333333337 0.0779 0.40790000000000004
0 0.6819625 0.33685000000000004 0.1159 0.4195333333333333
0 0.6425749999999999 0.4491333333333334 0.068375 0.1566
0 0.9776250000000001 0.47313333333333335 0.0447375 0.22126666666666664